"","var","n","wt","dev","yval","complexity","ncompete","nsurrogate","yval2.","yval2.","yval2.","yval2.","yval2.","yval2.nodeprob"
"1","relationship",1000,1000,181,1,0.124309392,4,5,1.000000e+00,8.190000e+02,1.810000e+02,8.190000e-01,1.810000e-01,1.000000e+00
"2","capital-gain", 674, 674, 27,1,0.038674033,4,0,1.000000e+00,6.470000e+02,2.700000e+01,9.599407e-01,4.005935e-02,6.740000e-01
"4","hours-per-week", 667, 667, 20,1,0.008287293,4,0,1.000000e+00,6.470000e+02,2.000000e+01,9.700150e-01,2.998501e-02,6.670000e-01
"8","occupation", 660, 660, 16,1,0.006629834,4,5,1.000000e+00,6.440000e+02,1.600000e+01,9.757576e-01,2.424242e-02,6.600000e-01
"16","education", 559, 559,  4,1,0.006629834,4,1,1.000000e+00,5.550000e+02,4.000000e+00,9.928444e-01,7.155635e-03,5.590000e-01
"32","education", 557, 557,  2,1,0.002762431,4,0,1.000000e+00,5.550000e+02,2.000000e+00,9.964093e-01,3.590664e-03,5.570000e-01
"64","occupation", 550, 550,  1,1,0.001841621,4,1,1.000000e+00,5.490000e+02,1.000000e+00,9.981818e-01,1.818182e-03,5.500000e-01
"128","<leaf>", 514, 514,  0,1,0.000000000,0,0,1.000000e+00,5.140000e+02,0.000000e+00,1.000000e+00,0.000000e+00,5.140000e-01
"129","age",  36,  36,  1,1,0.001841621,4,0,1.000000e+00,3.500000e+01,1.000000e+00,9.722222e-01,2.777778e-02,3.600000e-02
"258","<leaf>",  34,  34,  0,1,0.000000000,0,0,1.000000e+00,3.400000e+01,0.000000e+00,1.000000e+00,0.000000e+00,3.400000e-02
"259","age",   2,   2,  1,1,0.001841621,4,0,1.000000e+00,1.000000e+00,1.000000e+00,5.000000e-01,5.000000e-01,2.000000e-03
"518","<leaf>",   1,   1,  0,1,0.000000000,0,0,1.000000e+00,1.000000e+00,0.000000e+00,1.000000e+00,0.000000e+00,1.000000e-03
"519","<leaf>",   1,   1,  0,2,0.000000000,0,0,2.000000e+00,0.000000e+00,1.000000e+00,0.000000e+00,1.000000e+00,1.000000e-03
"65","age",   7,   7,  1,1,0.002762431,4,0,1.000000e+00,6.000000e+00,1.000000e+00,8.571429e-01,1.428571e-01,7.000000e-03
"130","<leaf>",   6,   6,  0,1,0.000000000,0,0,1.000000e+00,6.000000e+00,0.000000e+00,1.000000e+00,0.000000e+00,6.000000e-03
"131","<leaf>",   1,   1,  0,2,0.000000000,0,0,2.000000e+00,0.000000e+00,1.000000e+00,0.000000e+00,1.000000e+00,1.000000e-03
"33","<leaf>",   2,   2,  0,2,0.000000000,0,0,2.000000e+00,0.000000e+00,2.000000e+00,0.000000e+00,1.000000e+00,2.000000e-03
"17","age", 101, 101, 12,1,0.006629834,4,5,1.000000e+00,8.900000e+01,1.200000e+01,8.811881e-01,1.188119e-01,1.010000e-01
"34","fnlwgt",  64,  64,  1,1,0.002762431,4,4,1.000000e+00,6.300000e+01,1.000000e+00,9.843750e-01,1.562500e-02,6.400000e-02
"68","<leaf>",  58,  58,  0,1,0.000000000,0,0,1.000000e+00,5.800000e+01,0.000000e+00,1.000000e+00,0.000000e+00,5.800000e-02
"69","fnlwgt",   6,   6,  1,1,0.002762431,4,0,1.000000e+00,5.000000e+00,1.000000e+00,8.333333e-01,1.666667e-01,6.000000e-03
"138","<leaf>",   5,   5,  0,1,0.000000000,0,0,1.000000e+00,5.000000e+00,0.000000e+00,1.000000e+00,0.000000e+00,5.000000e-03
"139","<leaf>",   1,   1,  0,2,0.000000000,0,0,2.000000e+00,0.000000e+00,1.000000e+00,0.000000e+00,1.000000e+00,1.000000e-03
"35","sex",  37,  37, 11,1,0.006629834,4,5,1.000000e+00,2.600000e+01,1.100000e+01,7.027027e-01,2.972973e-01,3.700000e-02
"70","age",  24,  24,  4,1,0.005524862,4,0,1.000000e+00,2.000000e+01,4.000000e+00,8.333333e-01,1.666667e-01,2.400000e-02
"140","education",  23,  23,  3,1,0.005524862,4,0,1.000000e+00,2.000000e+01,3.000000e+00,8.695652e-01,1.304348e-01,2.300000e-02
"280","age",  22,  22,  2,1,0.005524862,4,0,1.000000e+00,2.000000e+01,2.000000e+00,9.090909e-01,9.090909e-02,2.200000e-02
"560","<leaf>",  18,  18,  0,1,0.000000000,0,0,1.000000e+00,1.800000e+01,0.000000e+00,1.000000e+00,0.000000e+00,1.800000e-02
"561","age",   4,   4,  2,1,0.005524862,4,0,1.000000e+00,2.000000e+00,2.000000e+00,5.000000e-01,5.000000e-01,4.000000e-03
"1122","<leaf>",   2,   2,  0,1,0.000000000,0,0,1.000000e+00,2.000000e+00,0.000000e+00,1.000000e+00,0.000000e+00,2.000000e-03
"1123","<leaf>",   2,   2,  0,2,0.000000000,0,0,2.000000e+00,0.000000e+00,2.000000e+00,0.000000e+00,1.000000e+00,2.000000e-03
"281","<leaf>",   1,   1,  0,2,0.000000000,0,0,2.000000e+00,0.000000e+00,1.000000e+00,0.000000e+00,1.000000e+00,1.000000e-03
"141","<leaf>",   1,   1,  0,2,0.000000000,0,0,2.000000e+00,0.000000e+00,1.000000e+00,0.000000e+00,1.000000e+00,1.000000e-03
"71","education",  13,  13,  6,2,0.006629834,4,3,2.000000e+00,6.000000e+00,7.000000e+00,4.615385e-01,5.384615e-01,1.300000e-02
"142","<leaf>",   3,   3,  0,1,0.000000000,0,0,1.000000e+00,3.000000e+00,0.000000e+00,1.000000e+00,0.000000e+00,3.000000e-03
"143","marital-status",  10,  10,  3,2,0.005524862,4,2,2.000000e+00,3.000000e+00,7.000000e+00,3.000000e-01,7.000000e-01,1.000000e-02
"286","age",   3,   3,  1,1,0.005524862,4,0,1.000000e+00,2.000000e+00,1.000000e+00,6.666667e-01,3.333333e-01,3.000000e-03
"572","<leaf>",   2,   2,  0,1,0.000000000,0,0,1.000000e+00,2.000000e+00,0.000000e+00,1.000000e+00,0.000000e+00,2.000000e-03
"573","<leaf>",   1,   1,  0,2,0.000000000,0,0,2.000000e+00,0.000000e+00,1.000000e+00,0.000000e+00,1.000000e+00,1.000000e-03
"287","workclass",   7,   7,  1,2,0.005524862,4,0,2.000000e+00,1.000000e+00,6.000000e+00,1.428571e-01,8.571429e-01,7.000000e-03
"574","<leaf>",   1,   1,  0,1,0.000000000,0,0,1.000000e+00,1.000000e+00,0.000000e+00,1.000000e+00,0.000000e+00,1.000000e-03
"575","<leaf>",   6,   6,  0,2,0.000000000,0,0,2.000000e+00,0.000000e+00,6.000000e+00,0.000000e+00,1.000000e+00,6.000000e-03
"9","education",   7,   7,  3,2,0.008287293,4,5,2.000000e+00,3.000000e+00,4.000000e+00,4.285714e-01,5.714286e-01,7.000000e-03
"18","marital-status",   4,   4,  1,1,0.005524862,4,0,1.000000e+00,3.000000e+00,1.000000e+00,7.500000e-01,2.500000e-01,4.000000e-03
"36","<leaf>",   3,   3,  0,1,0.000000000,0,0,1.000000e+00,3.000000e+00,0.000000e+00,1.000000e+00,0.000000e+00,3.000000e-03
"37","<leaf>",   1,   1,  0,2,0.000000000,0,0,2.000000e+00,0.000000e+00,1.000000e+00,0.000000e+00,1.000000e+00,1.000000e-03
"19","<leaf>",   3,   3,  0,2,0.000000000,0,0,2.000000e+00,0.000000e+00,3.000000e+00,0.000000e+00,1.000000e+00,3.000000e-03
"5","<leaf>",   7,   7,  0,2,0.000000000,0,0,2.000000e+00,0.000000e+00,7.000000e+00,0.000000e+00,1.000000e+00,7.000000e-03
"3","occupation", 326, 326,154,1,0.124309392,4,5,1.000000e+00,1.720000e+02,1.540000e+02,5.276074e-01,4.723926e-01,3.260000e-01
"6","occupation", 115, 115, 26,1,0.016574586,4,5,1.000000e+00,8.900000e+01,2.600000e+01,7.739130e-01,2.260870e-01,1.150000e-01
"12","native-country",  47,  47,  2,1,0.005524862,4,0,1.000000e+00,4.500000e+01,2.000000e+00,9.574468e-01,4.255319e-02,4.700000e-02
"24","age",  46,  46,  1,1,0.002762431,4,1,1.000000e+00,4.500000e+01,1.000000e+00,9.782609e-01,2.173913e-02,4.600000e-02
"48","<leaf>",  43,  43,  0,1,0.000000000,0,0,1.000000e+00,4.300000e+01,0.000000e+00,1.000000e+00,0.000000e+00,4.300000e-02
"49","age",   3,   3,  1,1,0.002762431,4,0,1.000000e+00,2.000000e+00,1.000000e+00,6.666667e-01,3.333333e-01,3.000000e-03
"98","<leaf>",   2,   2,  0,1,0.000000000,0,0,1.000000e+00,2.000000e+00,0.000000e+00,1.000000e+00,0.000000e+00,2.000000e-03
"99","<leaf>",   1,   1,  0,2,0.000000000,0,0,2.000000e+00,0.000000e+00,1.000000e+00,0.000000e+00,1.000000e+00,1.000000e-03
"25","<leaf>",   1,   1,  0,2,0.000000000,0,0,2.000000e+00,0.000000e+00,1.000000e+00,0.000000e+00,1.000000e+00,1.000000e-03
"13","education",  68,  68, 24,1,0.016574586,4,5,1.000000e+00,4.400000e+01,2.400000e+01,6.470588e-01,3.529412e-01,6.800000e-02
"26","fnlwgt",  18,  18,  1,1,0.002762431,4,0,1.000000e+00,1.700000e+01,1.000000e+00,9.444444e-01,5.555556e-02,1.800000e-02
"52","<leaf>",  16,  16,  0,1,0.000000000,0,0,1.000000e+00,1.600000e+01,0.000000e+00,1.000000e+00,0.000000e+00,1.600000e-02
"53","age",   2,   2,  1,1,0.002762431,4,0,1.000000e+00,1.000000e+00,1.000000e+00,5.000000e-01,5.000000e-01,2.000000e-03
"106","<leaf>",   1,   1,  0,1,0.000000000,0,0,1.000000e+00,1.000000e+00,0.000000e+00,1.000000e+00,0.000000e+00,1.000000e-03
"107","<leaf>",   1,   1,  0,2,0.000000000,0,0,2.000000e+00,0.000000e+00,1.000000e+00,0.000000e+00,1.000000e+00,1.000000e-03
"27","age",  50,  50, 23,1,0.016574586,4,4,1.000000e+00,2.700000e+01,2.300000e+01,5.400000e-01,4.600000e-01,5.000000e-02
"54","fnlwgt",  35,  35, 11,1,0.008287293,4,4,1.000000e+00,2.400000e+01,1.100000e+01,6.857143e-01,3.142857e-01,3.500000e-02
"108","age",  15,  15,  2,1,0.002762431,4,5,1.000000e+00,1.300000e+01,2.000000e+00,8.666667e-01,1.333333e-01,1.500000e-02
"216","<leaf>",   8,   8,  0,1,0.000000000,0,0,1.000000e+00,8.000000e+00,0.000000e+00,1.000000e+00,0.000000e+00,8.000000e-03
"217","workclass",   7,   7,  2,1,0.002762431,4,0,1.000000e+00,5.000000e+00,2.000000e+00,7.142857e-01,2.857143e-01,7.000000e-03
"434","<leaf>",   2,   2,  0,1,0.000000000,0,0,1.000000e+00,2.000000e+00,0.000000e+00,1.000000e+00,0.000000e+00,2.000000e-03
"435","fnlwgt",   5,   5,  2,1,0.002762431,4,2,1.000000e+00,3.000000e+00,2.000000e+00,6.000000e-01,4.000000e-01,5.000000e-03
"870","<leaf>",   2,   2,  0,1,0.000000000,0,0,1.000000e+00,2.000000e+00,0.000000e+00,1.000000e+00,0.000000e+00,2.000000e-03
"871","fnlwgt",   3,   3,  1,2,0.002762431,4,0,2.000000e+00,1.000000e+00,2.000000e+00,3.333333e-01,6.666667e-01,3.000000e-03
"1742","<leaf>",   1,   1,  0,1,0.000000000,0,0,1.000000e+00,1.000000e+00,0.000000e+00,1.000000e+00,0.000000e+00,1.000000e-03
"1743","<leaf>",   2,   2,  0,2,0.000000000,0,0,2.000000e+00,0.000000e+00,2.000000e+00,0.000000e+00,1.000000e+00,2.000000e-03
"109","fnlwgt",  20,  20,  9,1,0.008287293,4,1,1.000000e+00,1.100000e+01,9.000000e+00,5.500000e-01,4.500000e-01,2.000000e-02
"218","occupation",  13,  13,  4,1,0.005524862,4,4,1.000000e+00,9.000000e+00,4.000000e+00,6.923077e-01,3.076923e-01,1.300000e-02
"436","<leaf>",   4,   4,  0,1,0.000000000,0,0,1.000000e+00,4.000000e+00,0.000000e+00,1.000000e+00,0.000000e+00,4.000000e-03
"437","workclass",   9,   9,  4,1,0.005524862,4,0,1.000000e+00,5.000000e+00,4.000000e+00,5.555556e-01,4.444444e-01,9.000000e-03
"874","fnlwgt",   7,   7,  2,1,0.005524862,4,4,1.000000e+00,5.000000e+00,2.000000e+00,7.142857e-01,2.857143e-01,7.000000e-03
"1748","<leaf>",   4,   4,  0,1,0.000000000,0,0,1.000000e+00,4.000000e+00,0.000000e+00,1.000000e+00,0.000000e+00,4.000000e-03
"1749","age",   3,   3,  1,2,0.005524862,4,0,2.000000e+00,1.000000e+00,2.000000e+00,3.333333e-01,6.666667e-01,3.000000e-03
"3498","<leaf>",   1,   1,  0,1,0.000000000,0,0,1.000000e+00,1.000000e+00,0.000000e+00,1.000000e+00,0.000000e+00,1.000000e-03
"3499","<leaf>",   2,   2,  0,2,0.000000000,0,0,2.000000e+00,0.000000e+00,2.000000e+00,0.000000e+00,1.000000e+00,2.000000e-03
"875","<leaf>",   2,   2,  0,2,0.000000000,0,0,2.000000e+00,0.000000e+00,2.000000e+00,0.000000e+00,1.000000e+00,2.000000e-03
"219","age",   7,   7,  2,2,0.005524862,4,4,2.000000e+00,2.000000e+00,5.000000e+00,2.857143e-01,7.142857e-01,7.000000e-03
"438","fnlwgt",   3,   3,  1,1,0.005524862,2,0,1.000000e+00,2.000000e+00,1.000000e+00,6.666667e-01,3.333333e-01,3.000000e-03
"876","<leaf>",   2,   2,  0,1,0.000000000,0,0,1.000000e+00,2.000000e+00,0.000000e+00,1.000000e+00,0.000000e+00,2.000000e-03
"877","<leaf>",   1,   1,  0,2,0.000000000,0,0,2.000000e+00,0.000000e+00,1.000000e+00,0.000000e+00,1.000000e+00,1.000000e-03
"439","<leaf>",   4,   4,  0,2,0.000000000,0,0,2.000000e+00,0.000000e+00,4.000000e+00,0.000000e+00,1.000000e+00,4.000000e-03
"55","hours-per-week",  15,  15,  3,2,0.011049724,4,0,2.000000e+00,3.000000e+00,1.200000e+01,2.000000e-01,8.000000e-01,1.500000e-02
"110","<leaf>",   2,   2,  0,1,0.000000000,0,0,1.000000e+00,2.000000e+00,0.000000e+00,1.000000e+00,0.000000e+00,2.000000e-03
"111","age",  13,  13,  1,2,0.002762431,4,1,2.000000e+00,1.000000e+00,1.200000e+01,7.692308e-02,9.230769e-01,1.300000e-02
"222","age",   2,   2,  1,1,0.002762431,4,0,1.000000e+00,1.000000e+00,1.000000e+00,5.000000e-01,5.000000e-01,2.000000e-03
"444","<leaf>",   1,   1,  0,1,0.000000000,0,0,1.000000e+00,1.000000e+00,0.000000e+00,1.000000e+00,0.000000e+00,1.000000e-03
"445","<leaf>",   1,   1,  0,2,0.000000000,0,0,2.000000e+00,0.000000e+00,1.000000e+00,0.000000e+00,1.000000e+00,1.000000e-03
"223","<leaf>",  11,  11,  0,2,0.000000000,0,0,2.000000e+00,0.000000e+00,1.100000e+01,0.000000e+00,1.000000e+00,1.100000e-02
"7","education", 211, 211, 83,2,0.049723757,4,5,2.000000e+00,8.300000e+01,1.280000e+02,3.933649e-01,6.066351e-01,2.110000e-01
"14","capital-gain", 121, 121, 56,1,0.033149171,4,0,1.000000e+00,6.500000e+01,5.600000e+01,5.371901e-01,4.628099e-01,1.210000e-01
"28","age", 115, 115, 50,1,0.027624309,4,0,1.000000e+00,6.500000e+01,5.000000e+01,5.652174e-01,4.347826e-01,1.150000e-01
"56","<leaf>",  10,  10,  0,1,0.000000000,0,0,1.000000e+00,1.000000e+01,0.000000e+00,1.000000e+00,0.000000e+00,1.000000e-02
"57","hours-per-week", 105, 105, 50,1,0.027624309,4,5,1.000000e+00,5.500000e+01,5.000000e+01,5.238095e-01,4.761905e-01,1.050000e-01
"114","fnlwgt",  65,  65, 25,1,0.009208103,4,2,1.000000e+00,4.000000e+01,2.500000e+01,6.153846e-01,3.846154e-01,6.500000e-02
"228","<leaf>",   8,   8,  0,1,0.000000000,0,0,1.000000e+00,8.000000e+00,0.000000e+00,1.000000e+00,0.000000e+00,8.000000e-03
"229","education",  57,  57, 25,1,0.009208103,4,1,1.000000e+00,3.200000e+01,2.500000e+01,5.614035e-01,4.385965e-01,5.700000e-02
"458","<leaf>",   6,   6,  0,1,0.000000000,0,0,1.000000e+00,6.000000e+00,0.000000e+00,1.000000e+00,0.000000e+00,6.000000e-03
"459","age",  51,  51, 25,1,0.009208103,4,3,1.000000e+00,2.600000e+01,2.500000e+01,5.098039e-01,4.901961e-01,5.100000e-02
"918","hours-per-week",  42,  42, 18,1,0.009208103,4,3,1.000000e+00,2.400000e+01,1.800000e+01,5.714286e-01,4.285714e-01,4.200000e-02
"1836","age",   8,   8,  1,1,0.005524862,4,0,1.000000e+00,7.000000e+00,1.000000e+00,8.750000e-01,1.250000e-01,8.000000e-03
"3672","<leaf>",   7,   7,  0,1,0.000000000,0,0,1.000000e+00,7.000000e+00,0.000000e+00,1.000000e+00,0.000000e+00,7.000000e-03
"3673","<leaf>",   1,   1,  0,2,0.000000000,0,0,2.000000e+00,0.000000e+00,1.000000e+00,0.000000e+00,1.000000e+00,1.000000e-03
"1837","workclass",  34,  34, 17,1,0.009208103,4,1,1.000000e+00,1.700000e+01,1.700000e+01,5.000000e-01,5.000000e-01,3.400000e-02
"3674","<leaf>",   3,   3,  0,1,0.000000000,0,0,1.000000e+00,3.000000e+00,0.000000e+00,1.000000e+00,0.000000e+00,3.000000e-03
"3675","fnlwgt",  31,  31, 14,2,0.009208103,4,1,2.000000e+00,1.400000e+01,1.700000e+01,4.516129e-01,5.483871e-01,3.100000e-02
"7350","age",   5,   5,  1,1,0.005524862,4,0,1.000000e+00,4.000000e+00,1.000000e+00,8.000000e-01,2.000000e-01,5.000000e-03
"14700","<leaf>",   4,   4,  0,1,0.000000000,0,0,1.000000e+00,4.000000e+00,0.000000e+00,1.000000e+00,0.000000e+00,4.000000e-03
"14701","<leaf>",   1,   1,  0,2,0.000000000,0,0,2.000000e+00,0.000000e+00,1.000000e+00,0.000000e+00,1.000000e+00,1.000000e-03
"7351","education",  26,  26, 10,2,0.009208103,4,3,2.000000e+00,1.000000e+01,1.600000e+01,3.846154e-01,6.153846e-01,2.600000e-02
"14702","race",   4,   4,  1,1,0.005524862,4,0,1.000000e+00,3.000000e+00,1.000000e+00,7.500000e-01,2.500000e-01,4.000000e-03
"29404","<leaf>",   3,   3,  0,1,0.000000000,0,0,1.000000e+00,3.000000e+00,0.000000e+00,1.000000e+00,0.000000e+00,3.000000e-03
"29405","<leaf>",   1,   1,  0,2,0.000000000,0,0,2.000000e+00,0.000000e+00,1.000000e+00,0.000000e+00,1.000000e+00,1.000000e-03
"14703","fnlwgt",  22,  22,  7,2,0.009208103,4,3,2.000000e+00,7.000000e+00,1.500000e+01,3.181818e-01,6.818182e-01,2.200000e-02
"29406","fnlwgt",  17,  17,  7,2,0.009208103,4,0,2.000000e+00,7.000000e+00,1.000000e+01,4.117647e-01,5.882353e-01,1.700000e-02
"58812","<leaf>",   4,   4,  0,1,0.000000000,0,0,1.000000e+00,4.000000e+00,0.000000e+00,1.000000e+00,0.000000e+00,4.000000e-03
"58813","occupation",  13,  13,  3,2,0.005524862,4,5,2.000000e+00,3.000000e+00,1.000000e+01,2.307692e-01,7.692308e-01,1.300000e-02
"117626","age",   6,   6,  3,1,0.005524862,4,0,1.000000e+00,3.000000e+00,3.000000e+00,5.000000e-01,5.000000e-01,6.000000e-03
"235252","<leaf>",   2,   2,  0,1,0.000000000,0,0,1.000000e+00,2.000000e+00,0.000000e+00,1.000000e+00,0.000000e+00,2.000000e-03
"235253","age",   4,   4,  1,2,0.005524862,4,0,2.000000e+00,1.000000e+00,3.000000e+00,2.500000e-01,7.500000e-01,4.000000e-03
"470506","<leaf>",   1,   1,  0,1,0.000000000,0,0,1.000000e+00,1.000000e+00,0.000000e+00,1.000000e+00,0.000000e+00,1.000000e-03
"470507","<leaf>",   3,   3,  0,2,0.000000000,0,0,2.000000e+00,0.000000e+00,3.000000e+00,0.000000e+00,1.000000e+00,3.000000e-03
"117627","<leaf>",   7,   7,  0,2,0.000000000,0,0,2.000000e+00,0.000000e+00,7.000000e+00,0.000000e+00,1.000000e+00,7.000000e-03
"29407","<leaf>",   5,   5,  0,2,0.000000000,0,0,2.000000e+00,0.000000e+00,5.000000e+00,0.000000e+00,1.000000e+00,5.000000e-03
"919","occupation",   9,   9,  2,2,0.005524862,4,0,2.000000e+00,2.000000e+00,7.000000e+00,2.222222e-01,7.777778e-01,9.000000e-03
"1838","<leaf>",   1,   1,  0,1,0.000000000,0,0,1.000000e+00,1.000000e+00,0.000000e+00,1.000000e+00,0.000000e+00,1.000000e-03
"1839","education",   8,   8,  1,2,0.001841621,4,5,2.000000e+00,1.000000e+00,7.000000e+00,1.250000e-01,8.750000e-01,8.000000e-03
"3678","age",   3,   3,  1,2,0.001841621,2,0,2.000000e+00,1.000000e+00,2.000000e+00,3.333333e-01,6.666667e-01,3.000000e-03
"7356","age",   2,   2,  1,1,0.001841621,2,0,1.000000e+00,1.000000e+00,1.000000e+00,5.000000e-01,5.000000e-01,2.000000e-03
"14712","<leaf>",   1,   1,  0,1,0.000000000,0,0,1.000000e+00,1.000000e+00,0.000000e+00,1.000000e+00,0.000000e+00,1.000000e-03
"14713","<leaf>",   1,   1,  0,2,0.000000000,0,0,2.000000e+00,0.000000e+00,1.000000e+00,0.000000e+00,1.000000e+00,1.000000e-03
"7357","<leaf>",   1,   1,  0,2,0.000000000,0,0,2.000000e+00,0.000000e+00,1.000000e+00,0.000000e+00,1.000000e+00,1.000000e-03
"3679","<leaf>",   5,   5,  0,2,0.000000000,0,0,2.000000e+00,0.000000e+00,5.000000e+00,0.000000e+00,1.000000e+00,5.000000e-03
"115","age",  40,  40, 15,2,0.022099448,4,1,2.000000e+00,1.500000e+01,2.500000e+01,3.750000e-01,6.250000e-01,4.000000e-02
"230","age",   6,   6,  1,1,0.005524862,4,0,1.000000e+00,5.000000e+00,1.000000e+00,8.333333e-01,1.666667e-01,6.000000e-03
"460","<leaf>",   5,   5,  0,1,0.000000000,0,0,1.000000e+00,5.000000e+00,0.000000e+00,1.000000e+00,0.000000e+00,5.000000e-03
"461","<leaf>",   1,   1,  0,2,0.000000000,0,0,2.000000e+00,0.000000e+00,1.000000e+00,0.000000e+00,1.000000e+00,1.000000e-03
"231","fnlwgt",  34,  34, 10,2,0.011049724,4,0,2.000000e+00,1.000000e+01,2.400000e+01,2.941176e-01,7.058824e-01,3.400000e-02
"462","age",   4,   4,  1,1,0.005524862,4,0,1.000000e+00,3.000000e+00,1.000000e+00,7.500000e-01,2.500000e-01,4.000000e-03
"924","<leaf>",   3,   3,  0,1,0.000000000,0,0,1.000000e+00,3.000000e+00,0.000000e+00,1.000000e+00,0.000000e+00,3.000000e-03
"925","<leaf>",   1,   1,  0,2,0.000000000,0,0,2.000000e+00,0.000000e+00,1.000000e+00,0.000000e+00,1.000000e+00,1.000000e-03
"463","age",  30,  30,  7,2,0.005524862,4,5,2.000000e+00,7.000000e+00,2.300000e+01,2.333333e-01,7.666667e-01,3.000000e-02
"926","education",  13,  13,  5,2,0.005524862,4,5,2.000000e+00,5.000000e+00,8.000000e+00,3.846154e-01,6.153846e-01,1.300000e-02
"1852","workclass",   9,   9,  4,1,0.005524862,4,0,1.000000e+00,5.000000e+00,4.000000e+00,5.555556e-01,4.444444e-01,9.000000e-03
"3704","fnlwgt",   7,   7,  2,1,0.005524862,4,0,1.000000e+00,5.000000e+00,2.000000e+00,7.142857e-01,2.857143e-01,7.000000e-03
"7408","hours-per-week",   6,   6,  1,1,0.005524862,4,0,1.000000e+00,5.000000e+00,1.000000e+00,8.333333e-01,1.666667e-01,6.000000e-03
"14816","<leaf>",   5,   5,  0,1,0.000000000,0,0,1.000000e+00,5.000000e+00,0.000000e+00,1.000000e+00,0.000000e+00,5.000000e-03
"14817","<leaf>",   1,   1,  0,2,0.000000000,0,0,2.000000e+00,0.000000e+00,1.000000e+00,0.000000e+00,1.000000e+00,1.000000e-03
"7409","<leaf>",   1,   1,  0,2,0.000000000,0,0,2.000000e+00,0.000000e+00,1.000000e+00,0.000000e+00,1.000000e+00,1.000000e-03
"3705","<leaf>",   2,   2,  0,2,0.000000000,0,0,2.000000e+00,0.000000e+00,2.000000e+00,0.000000e+00,1.000000e+00,2.000000e-03
"1853","<leaf>",   4,   4,  0,2,0.000000000,0,0,2.000000e+00,0.000000e+00,4.000000e+00,0.000000e+00,1.000000e+00,4.000000e-03
"927","education",  17,  17,  2,2,0.003683241,4,5,2.000000e+00,2.000000e+00,1.500000e+01,1.176471e-01,8.823529e-01,1.700000e-02
"1854","age",   7,   7,  2,2,0.003683241,4,2,2.000000e+00,2.000000e+00,5.000000e+00,2.857143e-01,7.142857e-01,7.000000e-03
"3708","age",   3,   3,  1,1,0.003683241,4,0,1.000000e+00,2.000000e+00,1.000000e+00,6.666667e-01,3.333333e-01,3.000000e-03
"7416","<leaf>",   2,   2,  0,1,0.000000000,0,0,1.000000e+00,2.000000e+00,0.000000e+00,1.000000e+00,0.000000e+00,2.000000e-03
"7417","<leaf>",   1,   1,  0,2,0.000000000,0,0,2.000000e+00,0.000000e+00,1.000000e+00,0.000000e+00,1.000000e+00,1.000000e-03
"3709","<leaf>",   4,   4,  0,2,0.000000000,0,0,2.000000e+00,0.000000e+00,4.000000e+00,0.000000e+00,1.000000e+00,4.000000e-03
"1855","<leaf>",  10,  10,  0,2,0.000000000,0,0,2.000000e+00,0.000000e+00,1.000000e+01,0.000000e+00,1.000000e+00,1.000000e-02
"29","<leaf>",   6,   6,  0,2,0.000000000,0,0,2.000000e+00,0.000000e+00,6.000000e+00,0.000000e+00,1.000000e+00,6.000000e-03
"15","age",  90,  90, 18,2,0.011049724,4,0,2.000000e+00,1.800000e+01,7.200000e+01,2.000000e-01,8.000000e-01,9.000000e-02
"30","fnlwgt",   6,   6,  2,1,0.005524862,4,5,1.000000e+00,4.000000e+00,2.000000e+00,6.666667e-01,3.333333e-01,6.000000e-03
"60","<leaf>",   3,   3,  0,1,0.000000000,0,0,1.000000e+00,3.000000e+00,0.000000e+00,1.000000e+00,0.000000e+00,3.000000e-03
"61","age",   3,   3,  1,2,0.005524862,4,0,2.000000e+00,1.000000e+00,2.000000e+00,3.333333e-01,6.666667e-01,3.000000e-03
"122","<leaf>",   1,   1,  0,1,0.000000000,0,0,1.000000e+00,1.000000e+00,0.000000e+00,1.000000e+00,0.000000e+00,1.000000e-03
"123","<leaf>",   2,   2,  0,2,0.000000000,0,0,2.000000e+00,0.000000e+00,2.000000e+00,0.000000e+00,1.000000e+00,2.000000e-03
"31","fnlwgt",  84,  84, 14,2,0.005524862,4,5,2.000000e+00,1.400000e+01,7.000000e+01,1.666667e-01,8.333333e-01,8.400000e-02
"62","workclass",  42,  42, 11,2,0.005524862,4,0,2.000000e+00,1.100000e+01,3.100000e+01,2.619048e-01,7.380952e-01,4.200000e-02
"124","<leaf>",   2,   2,  0,1,0.000000000,0,0,1.000000e+00,2.000000e+00,0.000000e+00,1.000000e+00,0.000000e+00,2.000000e-03
"125","fnlwgt",  40,  40,  9,2,0.005524862,4,0,2.000000e+00,9.000000e+00,3.100000e+01,2.250000e-01,7.750000e-01,4.000000e-02
"250","workclass",   5,   5,  2,1,0.005524862,4,2,1.000000e+00,3.000000e+00,2.000000e+00,6.000000e-01,4.000000e-01,5.000000e-03
"500","<leaf>",   3,   3,  0,1,0.000000000,0,0,1.000000e+00,3.000000e+00,0.000000e+00,1.000000e+00,0.000000e+00,3.000000e-03
"501","<leaf>",   2,   2,  0,2,0.000000000,0,0,2.000000e+00,0.000000e+00,2.000000e+00,0.000000e+00,1.000000e+00,2.000000e-03
"251","native-country",  35,  35,  6,2,0.005524862,4,0,2.000000e+00,6.000000e+00,2.900000e+01,1.714286e-01,8.285714e-01,3.500000e-02
"502","<leaf>",   1,   1,  0,1,0.000000000,0,0,1.000000e+00,1.000000e+00,0.000000e+00,1.000000e+00,0.000000e+00,1.000000e-03
"503","age",  34,  34,  5,2,0.004419890,4,5,2.000000e+00,5.000000e+00,2.900000e+01,1.470588e-01,8.529412e-01,3.400000e-02
"1006","hours-per-week",  17,  17,  4,2,0.004419890,4,1,2.000000e+00,4.000000e+00,1.300000e+01,2.352941e-01,7.647059e-01,1.700000e-02
"2012","fnlwgt",   3,   3,  1,1,0.004419890,4,0,1.000000e+00,2.000000e+00,1.000000e+00,6.666667e-01,3.333333e-01,3.000000e-03
"4024","<leaf>",   2,   2,  0,1,0.000000000,0,0,1.000000e+00,2.000000e+00,0.000000e+00,1.000000e+00,0.000000e+00,2.000000e-03
"4025","<leaf>",   1,   1,  0,2,0.000000000,0,0,2.000000e+00,0.000000e+00,1.000000e+00,0.000000e+00,1.000000e+00,1.000000e-03
"2013","age",  14,  14,  2,2,0.004419890,4,1,2.000000e+00,2.000000e+00,1.200000e+01,1.428571e-01,8.571429e-01,1.400000e-02
"4026","hours-per-week",   4,   4,  2,1,0.004419890,4,0,1.000000e+00,2.000000e+00,2.000000e+00,5.000000e-01,5.000000e-01,4.000000e-03
"8052","<leaf>",   2,   2,  0,1,0.000000000,0,0,1.000000e+00,2.000000e+00,0.000000e+00,1.000000e+00,0.000000e+00,2.000000e-03
"8053","<leaf>",   2,   2,  0,2,0.000000000,0,0,2.000000e+00,0.000000e+00,2.000000e+00,0.000000e+00,1.000000e+00,2.000000e-03
"4027","<leaf>",  10,  10,  0,2,0.000000000,0,0,2.000000e+00,0.000000e+00,1.000000e+01,0.000000e+00,1.000000e+00,1.000000e-02
"1007","relationship",  17,  17,  1,2,0.002762431,4,0,2.000000e+00,1.000000e+00,1.600000e+01,5.882353e-02,9.411765e-01,1.700000e-02
"2014","age",   3,   3,  1,2,0.002762431,4,0,2.000000e+00,1.000000e+00,2.000000e+00,3.333333e-01,6.666667e-01,3.000000e-03
"4028","<leaf>",   1,   1,  0,1,0.000000000,0,0,1.000000e+00,1.000000e+00,0.000000e+00,1.000000e+00,0.000000e+00,1.000000e-03
"4029","<leaf>",   2,   2,  0,2,0.000000000,0,0,2.000000e+00,0.000000e+00,2.000000e+00,0.000000e+00,1.000000e+00,2.000000e-03
"2015","<leaf>",  14,  14,  0,2,0.000000000,0,0,2.000000e+00,0.000000e+00,1.400000e+01,0.000000e+00,1.000000e+00,1.400000e-02
"63","age",  42,  42,  3,2,0.002762431,4,0,2.000000e+00,3.000000e+00,3.900000e+01,7.142857e-02,9.285714e-01,4.200000e-02
"126","workclass",   2,   2,  1,1,0.002762431,4,0,1.000000e+00,1.000000e+00,1.000000e+00,5.000000e-01,5.000000e-01,2.000000e-03
"252","<leaf>",   1,   1,  0,1,0.000000000,0,0,1.000000e+00,1.000000e+00,0.000000e+00,1.000000e+00,0.000000e+00,1.000000e-03
"253","<leaf>",   1,   1,  0,2,0.000000000,0,0,2.000000e+00,0.000000e+00,1.000000e+00,0.000000e+00,1.000000e+00,1.000000e-03
"127","age",  40,  40,  2,2,0.002762431,4,3,2.000000e+00,2.000000e+00,3.800000e+01,5.000000e-02,9.500000e-01,4.000000e-02
"254","workclass",   9,   9,  2,2,0.002762431,4,0,2.000000e+00,2.000000e+00,7.000000e+00,2.222222e-01,7.777778e-01,9.000000e-03
"508","<leaf>",   1,   1,  0,1,0.000000000,0,0,1.000000e+00,1.000000e+00,0.000000e+00,1.000000e+00,0.000000e+00,1.000000e-03
"509","fnlwgt",   8,   8,  1,2,0.002762431,4,0,2.000000e+00,1.000000e+00,7.000000e+00,1.250000e-01,8.750000e-01,8.000000e-03
"1018","age",   2,   2,  1,1,0.002762431,4,0,1.000000e+00,1.000000e+00,1.000000e+00,5.000000e-01,5.000000e-01,2.000000e-03
"2036","<leaf>",   1,   1,  0,1,0.000000000,0,0,1.000000e+00,1.000000e+00,0.000000e+00,1.000000e+00,0.000000e+00,1.000000e-03
"2037","<leaf>",   1,   1,  0,2,0.000000000,0,0,2.000000e+00,0.000000e+00,1.000000e+00,0.000000e+00,1.000000e+00,1.000000e-03
"1019","<leaf>",   6,   6,  0,2,0.000000000,0,0,2.000000e+00,0.000000e+00,6.000000e+00,0.000000e+00,1.000000e+00,6.000000e-03
"255","<leaf>",  31,  31,  0,2,0.000000000,0,0,2.000000e+00,0.000000e+00,3.100000e+01,0.000000e+00,1.000000e+00,3.100000e-02
