"","var","n","wt","dev","yval","complexity","ncompete","nsurrogate","yval2.","yval2.","yval2.","yval2.","yval2.","yval2.nodeprob"
"1","capital-loss",1000,1000,427,1,0.6042154567,4,5,1.000000e+00,5.730000e+02,4.270000e+02,5.730000e-01,4.270000e-01,1.000000e+00
"2","relationship", 724, 724,160,1,0.0573770492,4,5,1.000000e+00,5.640000e+02,1.600000e+02,7.790055e-01,2.209945e-01,7.240000e-01
"4","capital-gain", 391, 391, 23,1,0.0163934426,4,1,1.000000e+00,3.680000e+02,2.300000e+01,9.411765e-01,5.882353e-02,3.910000e-01
"8","workclass", 384, 384, 16,1,0.0023419204,4,0,1.000000e+00,3.680000e+02,1.600000e+01,9.583333e-01,4.166667e-02,3.840000e-01
"16","age", 381, 381, 14,1,0.0023419204,4,0,1.000000e+00,3.670000e+02,1.400000e+01,9.632546e-01,3.674541e-02,3.810000e-01
"32","education", 380, 380, 13,1,0.0017564403,4,4,1.000000e+00,3.670000e+02,1.300000e+01,9.657895e-01,3.421053e-02,3.800000e-01
"64","marital-status", 297, 297,  4,1,0.0007806401,4,5,1.000000e+00,2.930000e+02,4.000000e+00,9.865320e-01,1.346801e-02,2.970000e-01
"128","<leaf>", 212, 212,  0,1,0.0000000000,0,0,1.000000e+00,2.120000e+02,0.000000e+00,1.000000e+00,0.000000e+00,2.120000e-01
"129","hours-per-week",  85,  85,  4,1,0.0007806401,4,0,1.000000e+00,8.100000e+01,4.000000e+00,9.529412e-01,4.705882e-02,8.500000e-02
"258","occupation",  83,  83,  3,1,0.0007806401,4,5,1.000000e+00,8.000000e+01,3.000000e+00,9.638554e-01,3.614458e-02,8.300000e-02
"516","<leaf>",  48,  48,  0,1,0.0000000000,0,0,1.000000e+00,4.800000e+01,0.000000e+00,1.000000e+00,0.000000e+00,4.800000e-02
"517","age",  35,  35,  3,1,0.0007806401,4,0,1.000000e+00,3.200000e+01,3.000000e+00,9.142857e-01,8.571429e-02,3.500000e-02
"1034","hours-per-week",  33,  33,  2,1,0.0007806401,4,0,1.000000e+00,3.100000e+01,2.000000e+00,9.393939e-01,6.060606e-02,3.300000e-02
"2068","sex",  30,  30,  1,1,0.0007806401,4,5,1.000000e+00,2.900000e+01,1.000000e+00,9.666667e-01,3.333333e-02,3.000000e-02
"4136","<leaf>",  21,  21,  0,1,0.0000000000,0,0,1.000000e+00,2.100000e+01,0.000000e+00,1.000000e+00,0.000000e+00,2.100000e-02
"4137","age",   9,   9,  1,1,0.0007806401,4,4,1.000000e+00,8.000000e+00,1.000000e+00,8.888889e-01,1.111111e-01,9.000000e-03
"8274","<leaf>",   6,   6,  0,1,0.0000000000,0,0,1.000000e+00,6.000000e+00,0.000000e+00,1.000000e+00,0.000000e+00,6.000000e-03
"8275","age",   3,   3,  1,1,0.0007806401,4,0,1.000000e+00,2.000000e+00,1.000000e+00,6.666667e-01,3.333333e-01,3.000000e-03
"16550","<leaf>",   2,   2,  0,1,0.0000000000,0,0,1.000000e+00,2.000000e+00,0.000000e+00,1.000000e+00,0.000000e+00,2.000000e-03
"16551","<leaf>",   1,   1,  0,2,0.0000000000,0,0,2.000000e+00,0.000000e+00,1.000000e+00,0.000000e+00,1.000000e+00,1.000000e-03
"2069","age",   3,   3,  1,1,0.0007806401,4,0,1.000000e+00,2.000000e+00,1.000000e+00,6.666667e-01,3.333333e-01,3.000000e-03
"4138","<leaf>",   2,   2,  0,1,0.0000000000,0,0,1.000000e+00,2.000000e+00,0.000000e+00,1.000000e+00,0.000000e+00,2.000000e-03
"4139","<leaf>",   1,   1,  0,2,0.0000000000,0,0,2.000000e+00,0.000000e+00,1.000000e+00,0.000000e+00,1.000000e+00,1.000000e-03
"1035","age",   2,   2,  1,1,0.0007806401,4,0,1.000000e+00,1.000000e+00,1.000000e+00,5.000000e-01,5.000000e-01,2.000000e-03
"2070","<leaf>",   1,   1,  0,1,0.0000000000,0,0,1.000000e+00,1.000000e+00,0.000000e+00,1.000000e+00,0.000000e+00,1.000000e-03
"2071","<leaf>",   1,   1,  0,2,0.0000000000,0,0,2.000000e+00,0.000000e+00,1.000000e+00,0.000000e+00,1.000000e+00,1.000000e-03
"259","age",   2,   2,  1,1,0.0007806401,4,0,1.000000e+00,1.000000e+00,1.000000e+00,5.000000e-01,5.000000e-01,2.000000e-03
"518","<leaf>",   1,   1,  0,1,0.0000000000,0,0,1.000000e+00,1.000000e+00,0.000000e+00,1.000000e+00,0.000000e+00,1.000000e-03
"519","<leaf>",   1,   1,  0,2,0.0000000000,0,0,2.000000e+00,0.000000e+00,1.000000e+00,0.000000e+00,1.000000e+00,1.000000e-03
"65","marital-status",  83,  83,  9,1,0.0017564403,4,0,1.000000e+00,7.400000e+01,9.000000e+00,8.915663e-01,1.084337e-01,8.300000e-02
"130","occupation",  77,  77,  6,1,0.0017564403,4,0,1.000000e+00,7.100000e+01,6.000000e+00,9.220779e-01,7.792208e-02,7.700000e-02
"260","hours-per-week",  76,  76,  5,1,0.0017564403,4,2,1.000000e+00,7.100000e+01,5.000000e+00,9.342105e-01,6.578947e-02,7.600000e-02
"520","education",  57,  57,  1,1,0.0011709602,4,2,1.000000e+00,5.600000e+01,1.000000e+00,9.824561e-01,1.754386e-02,5.700000e-02
"1040","<leaf>",  48,  48,  0,1,0.0000000000,0,0,1.000000e+00,4.800000e+01,0.000000e+00,1.000000e+00,0.000000e+00,4.800000e-02
"1041","fnlwgt",   9,   9,  1,1,0.0011709602,4,0,1.000000e+00,8.000000e+00,1.000000e+00,8.888889e-01,1.111111e-01,9.000000e-03
"2082","<leaf>",   8,   8,  0,1,0.0000000000,0,0,1.000000e+00,8.000000e+00,0.000000e+00,1.000000e+00,0.000000e+00,8.000000e-03
"2083","<leaf>",   1,   1,  0,2,0.0000000000,0,0,2.000000e+00,0.000000e+00,1.000000e+00,0.000000e+00,1.000000e+00,1.000000e-03
"521","fnlwgt",  19,  19,  4,1,0.0017564403,4,0,1.000000e+00,1.500000e+01,4.000000e+00,7.894737e-01,2.105263e-01,1.900000e-02
"1042","education",  18,  18,  3,1,0.0017564403,4,0,1.000000e+00,1.500000e+01,3.000000e+00,8.333333e-01,1.666667e-01,1.800000e-02
"2084","age",  17,  17,  2,1,0.0017564403,4,5,1.000000e+00,1.500000e+01,2.000000e+00,8.823529e-01,1.176471e-01,1.700000e-02
"4168","<leaf>",  10,  10,  0,1,0.0000000000,0,0,1.000000e+00,1.000000e+01,0.000000e+00,1.000000e+00,0.000000e+00,1.000000e-02
"4169","age",   7,   7,  2,1,0.0017564403,4,0,1.000000e+00,5.000000e+00,2.000000e+00,7.142857e-01,2.857143e-01,7.000000e-03
"8338","<leaf>",   5,   5,  0,1,0.0000000000,0,0,1.000000e+00,5.000000e+00,0.000000e+00,1.000000e+00,0.000000e+00,5.000000e-03
"8339","<leaf>",   2,   2,  0,2,0.0000000000,0,0,2.000000e+00,0.000000e+00,2.000000e+00,0.000000e+00,1.000000e+00,2.000000e-03
"2085","<leaf>",   1,   1,  0,2,0.0000000000,0,0,2.000000e+00,0.000000e+00,1.000000e+00,0.000000e+00,1.000000e+00,1.000000e-03
"1043","<leaf>",   1,   1,  0,2,0.0000000000,0,0,2.000000e+00,0.000000e+00,1.000000e+00,0.000000e+00,1.000000e+00,1.000000e-03
"261","<leaf>",   1,   1,  0,2,0.0000000000,0,0,2.000000e+00,0.000000e+00,1.000000e+00,0.000000e+00,1.000000e+00,1.000000e-03
"131","age",   6,   6,  3,1,0.0017564403,4,1,1.000000e+00,3.000000e+00,3.000000e+00,5.000000e-01,5.000000e-01,6.000000e-03
"262","marital-status",   4,   4,  1,1,0.0017564403,4,0,1.000000e+00,3.000000e+00,1.000000e+00,7.500000e-01,2.500000e-01,4.000000e-03
"524","<leaf>",   3,   3,  0,1,0.0000000000,0,0,1.000000e+00,3.000000e+00,0.000000e+00,1.000000e+00,0.000000e+00,3.000000e-03
"525","<leaf>",   1,   1,  0,2,0.0000000000,0,0,2.000000e+00,0.000000e+00,1.000000e+00,0.000000e+00,1.000000e+00,1.000000e-03
"263","<leaf>",   2,   2,  0,2,0.0000000000,0,0,2.000000e+00,0.000000e+00,2.000000e+00,0.000000e+00,1.000000e+00,2.000000e-03
"33","<leaf>",   1,   1,  0,2,0.0000000000,0,0,2.000000e+00,0.000000e+00,1.000000e+00,0.000000e+00,1.000000e+00,1.000000e-03
"17","age",   3,   3,  1,2,0.0023419204,4,0,2.000000e+00,1.000000e+00,2.000000e+00,3.333333e-01,6.666667e-01,3.000000e-03
"34","<leaf>",   1,   1,  0,1,0.0000000000,0,0,1.000000e+00,1.000000e+00,0.000000e+00,1.000000e+00,0.000000e+00,1.000000e-03
"35","<leaf>",   2,   2,  0,2,0.0000000000,0,0,2.000000e+00,0.000000e+00,2.000000e+00,0.000000e+00,1.000000e+00,2.000000e-03
"9","<leaf>",   7,   7,  0,2,0.0000000000,0,0,2.000000e+00,0.000000e+00,7.000000e+00,0.000000e+00,1.000000e+00,7.000000e-03
"5","occupation", 333, 333,137,1,0.0573770492,4,5,1.000000e+00,1.960000e+02,1.370000e+02,5.885886e-01,4.114114e-01,3.330000e-01
"10","capital-gain", 220, 220, 56,1,0.0210772834,4,0,1.000000e+00,1.640000e+02,5.600000e+01,7.454545e-01,2.545455e-01,2.200000e-01
"20","education", 211, 211, 47,1,0.0040983607,4,3,1.000000e+00,1.640000e+02,4.700000e+01,7.772512e-01,2.227488e-01,2.110000e-01
"40","race",  37,  37,  1,1,0.0011709602,4,1,1.000000e+00,3.600000e+01,1.000000e+00,9.729730e-01,2.702703e-02,3.700000e-02
"80","<leaf>",  33,  33,  0,1,0.0000000000,0,0,1.000000e+00,3.300000e+01,0.000000e+00,1.000000e+00,0.000000e+00,3.300000e-02
"81","occupation",   4,   4,  1,1,0.0011709602,4,0,1.000000e+00,3.000000e+00,1.000000e+00,7.500000e-01,2.500000e-01,4.000000e-03
"162","<leaf>",   3,   3,  0,1,0.0000000000,0,0,1.000000e+00,3.000000e+00,0.000000e+00,1.000000e+00,0.000000e+00,3.000000e-03
"163","<leaf>",   1,   1,  0,2,0.0000000000,0,0,2.000000e+00,0.000000e+00,1.000000e+00,0.000000e+00,1.000000e+00,1.000000e-03
"41","native-country", 174, 174, 46,1,0.0040983607,4,0,1.000000e+00,1.280000e+02,4.600000e+01,7.356322e-01,2.643678e-01,1.740000e-01
"82","occupation", 172, 172, 44,1,0.0040983607,4,3,1.000000e+00,1.280000e+02,4.400000e+01,7.441860e-01,2.558140e-01,1.720000e-01
"164","education", 124, 124, 26,1,0.0040983607,4,1,1.000000e+00,9.800000e+01,2.600000e+01,7.903226e-01,2.096774e-01,1.240000e-01
"328","fnlwgt", 118, 118, 22,1,0.0023419204,4,0,1.000000e+00,9.600000e+01,2.200000e+01,8.135593e-01,1.864407e-01,1.180000e-01
"656","fnlwgt", 117, 117, 21,1,0.0023419204,4,2,1.000000e+00,9.600000e+01,2.100000e+01,8.205128e-01,1.794872e-01,1.170000e-01
"1312","<leaf>",  20,  20,  0,1,0.0000000000,0,0,1.000000e+00,2.000000e+01,0.000000e+00,1.000000e+00,0.000000e+00,2.000000e-02
"1313","fnlwgt",  97,  97, 21,1,0.0023419204,4,0,1.000000e+00,7.600000e+01,2.100000e+01,7.835052e-01,2.164948e-01,9.700000e-02
"2626","age",  95,  95, 19,1,0.0023419204,4,1,1.000000e+00,7.600000e+01,1.900000e+01,8.000000e-01,2.000000e-01,9.500000e-02
"5252","<leaf>",  13,  13,  0,1,0.0000000000,0,0,1.000000e+00,1.300000e+01,0.000000e+00,1.000000e+00,0.000000e+00,1.300000e-02
"5253","age",  82,  82, 19,1,0.0023419204,4,0,1.000000e+00,6.300000e+01,1.900000e+01,7.682927e-01,2.317073e-01,8.200000e-02
"10506","hours-per-week",  74,  74, 14,1,0.0021077283,4,1,1.000000e+00,6.000000e+01,1.400000e+01,8.108108e-01,1.891892e-01,7.400000e-02
"21012","<leaf>",   9,   9,  0,1,0.0000000000,0,0,1.000000e+00,9.000000e+00,0.000000e+00,1.000000e+00,0.000000e+00,9.000000e-03
"21013","hours-per-week",  65,  65, 14,1,0.0021077283,4,0,1.000000e+00,5.100000e+01,1.400000e+01,7.846154e-01,2.153846e-01,6.500000e-02
"42026","occupation",  64,  64, 13,1,0.0021077283,4,5,1.000000e+00,5.100000e+01,1.300000e+01,7.968750e-01,2.031250e-01,6.400000e-02
"84052","fnlwgt",  40,  40,  6,1,0.0021077283,4,1,1.000000e+00,3.400000e+01,6.000000e+00,8.500000e-01,1.500000e-01,4.000000e-02
"168104","education",  37,  37,  4,1,0.0011709602,4,5,1.000000e+00,3.300000e+01,4.000000e+00,8.918919e-01,1.081081e-01,3.700000e-02
"336208","fnlwgt",  23,  23,  1,1,0.0011709602,4,2,1.000000e+00,2.200000e+01,1.000000e+00,9.565217e-01,4.347826e-02,2.300000e-02
"672416","<leaf>",  17,  17,  0,1,0.0000000000,0,0,1.000000e+00,1.700000e+01,0.000000e+00,1.000000e+00,0.000000e+00,1.700000e-02
"672417","fnlwgt",   6,   6,  1,1,0.0011709602,4,0,1.000000e+00,5.000000e+00,1.000000e+00,8.333333e-01,1.666667e-01,6.000000e-03
"1344834","<leaf>",   5,   5,  0,1,0.0000000000,0,0,1.000000e+00,5.000000e+00,0.000000e+00,1.000000e+00,0.000000e+00,5.000000e-03
"1344835","<leaf>",   1,   1,  0,2,0.0000000000,0,0,2.000000e+00,0.000000e+00,1.000000e+00,0.000000e+00,1.000000e+00,1.000000e-03
"336209","age",  14,  14,  3,1,0.0011709602,4,0,1.000000e+00,1.100000e+01,3.000000e+00,7.857143e-01,2.142857e-01,1.400000e-02
"672418","age",  13,  13,  2,1,0.0011709602,4,0,1.000000e+00,1.100000e+01,2.000000e+00,8.461538e-01,1.538462e-01,1.300000e-02
"1344836","workclass",  11,  11,  1,1,0.0011709602,4,0,1.000000e+00,1.000000e+01,1.000000e+00,9.090909e-01,9.090909e-02,1.100000e-02
"2689672","<leaf>",  10,  10,  0,1,0.0000000000,0,0,1.000000e+00,1.000000e+01,0.000000e+00,1.000000e+00,0.000000e+00,1.000000e-02
"2689673","<leaf>",   1,   1,  0,2,0.0000000000,0,0,2.000000e+00,0.000000e+00,1.000000e+00,0.000000e+00,1.000000e+00,1.000000e-03
"1344837","age",   2,   2,  1,1,0.0011709602,4,0,1.000000e+00,1.000000e+00,1.000000e+00,5.000000e-01,5.000000e-01,2.000000e-03
"2689674","<leaf>",   1,   1,  0,1,0.0000000000,0,0,1.000000e+00,1.000000e+00,0.000000e+00,1.000000e+00,0.000000e+00,1.000000e-03
"2689675","<leaf>",   1,   1,  0,2,0.0000000000,0,0,2.000000e+00,0.000000e+00,1.000000e+00,0.000000e+00,1.000000e+00,1.000000e-03
"672419","<leaf>",   1,   1,  0,2,0.0000000000,0,0,2.000000e+00,0.000000e+00,1.000000e+00,0.000000e+00,1.000000e+00,1.000000e-03
"168105","age",   3,   3,  1,2,0.0021077283,4,0,2.000000e+00,1.000000e+00,2.000000e+00,3.333333e-01,6.666667e-01,3.000000e-03
"336210","<leaf>",   1,   1,  0,1,0.0000000000,0,0,1.000000e+00,1.000000e+00,0.000000e+00,1.000000e+00,0.000000e+00,1.000000e-03
"336211","<leaf>",   2,   2,  0,2,0.0000000000,0,0,2.000000e+00,0.000000e+00,2.000000e+00,0.000000e+00,1.000000e+00,2.000000e-03
"84053","hours-per-week",  24,  24,  7,1,0.0021077283,4,5,1.000000e+00,1.700000e+01,7.000000e+00,7.083333e-01,2.916667e-01,2.400000e-02
"168106","<leaf>",   5,   5,  0,1,0.0000000000,0,0,1.000000e+00,5.000000e+00,0.000000e+00,1.000000e+00,0.000000e+00,5.000000e-03
"168107","fnlwgt",  19,  19,  7,1,0.0021077283,4,4,1.000000e+00,1.200000e+01,7.000000e+00,6.315789e-01,3.684211e-01,1.900000e-02
"336214","age",   7,   7,  1,1,0.0011709602,4,0,1.000000e+00,6.000000e+00,1.000000e+00,8.571429e-01,1.428571e-01,7.000000e-03
"672428","<leaf>",   5,   5,  0,1,0.0000000000,0,0,1.000000e+00,5.000000e+00,0.000000e+00,1.000000e+00,0.000000e+00,5.000000e-03
"672429","age",   2,   2,  1,1,0.0011709602,2,0,1.000000e+00,1.000000e+00,1.000000e+00,5.000000e-01,5.000000e-01,2.000000e-03
"1344858","<leaf>",   1,   1,  0,1,0.0000000000,0,0,1.000000e+00,1.000000e+00,0.000000e+00,1.000000e+00,0.000000e+00,1.000000e-03
"1344859","<leaf>",   1,   1,  0,2,0.0000000000,0,0,2.000000e+00,0.000000e+00,1.000000e+00,0.000000e+00,1.000000e+00,1.000000e-03
"336215","age",  12,  12,  6,1,0.0021077283,4,1,1.000000e+00,6.000000e+00,6.000000e+00,5.000000e-01,5.000000e-01,1.200000e-02
"672430","<leaf>",   2,   2,  0,1,0.0000000000,0,0,1.000000e+00,2.000000e+00,0.000000e+00,1.000000e+00,0.000000e+00,2.000000e-03
"672431","age",  10,  10,  4,2,0.0021077283,4,4,2.000000e+00,4.000000e+00,6.000000e+00,4.000000e-01,6.000000e-01,1.000000e-02
"1344862","fnlwgt",   7,   7,  3,1,0.0021077283,4,2,1.000000e+00,4.000000e+00,3.000000e+00,5.714286e-01,4.285714e-01,7.000000e-03
"2689724","<leaf>",   4,   4,  0,1,0.0000000000,0,0,1.000000e+00,4.000000e+00,0.000000e+00,1.000000e+00,0.000000e+00,4.000000e-03
"2689725","<leaf>",   3,   3,  0,2,0.0000000000,0,0,2.000000e+00,0.000000e+00,3.000000e+00,0.000000e+00,1.000000e+00,3.000000e-03
"1344863","<leaf>",   3,   3,  0,2,0.0000000000,0,0,2.000000e+00,0.000000e+00,3.000000e+00,0.000000e+00,1.000000e+00,3.000000e-03
"42027","<leaf>",   1,   1,  0,2,0.0000000000,0,0,2.000000e+00,0.000000e+00,1.000000e+00,0.000000e+00,1.000000e+00,1.000000e-03
"10507","workclass",   8,   8,  3,2,0.0023419204,4,0,2.000000e+00,3.000000e+00,5.000000e+00,3.750000e-01,6.250000e-01,8.000000e-03
"21014","<leaf>",   2,   2,  0,1,0.0000000000,0,0,1.000000e+00,2.000000e+00,0.000000e+00,1.000000e+00,0.000000e+00,2.000000e-03
"21015","age",   6,   6,  1,2,0.0011709602,3,2,2.000000e+00,1.000000e+00,5.000000e+00,1.666667e-01,8.333333e-01,6.000000e-03
"42030","fnlwgt",   3,   3,  1,2,0.0011709602,3,0,2.000000e+00,1.000000e+00,2.000000e+00,3.333333e-01,6.666667e-01,3.000000e-03
"84060","<leaf>",   1,   1,  0,1,0.0000000000,0,0,1.000000e+00,1.000000e+00,0.000000e+00,1.000000e+00,0.000000e+00,1.000000e-03
"84061","<leaf>",   2,   2,  0,2,0.0000000000,0,0,2.000000e+00,0.000000e+00,2.000000e+00,0.000000e+00,1.000000e+00,2.000000e-03
"42031","<leaf>",   3,   3,  0,2,0.0000000000,0,0,2.000000e+00,0.000000e+00,3.000000e+00,0.000000e+00,1.000000e+00,3.000000e-03
"2627","<leaf>",   2,   2,  0,2,0.0000000000,0,0,2.000000e+00,0.000000e+00,2.000000e+00,0.000000e+00,1.000000e+00,2.000000e-03
"657","<leaf>",   1,   1,  0,2,0.0000000000,0,0,2.000000e+00,0.000000e+00,1.000000e+00,0.000000e+00,1.000000e+00,1.000000e-03
"329","occupation",   6,   6,  2,2,0.0040983607,4,0,2.000000e+00,2.000000e+00,4.000000e+00,3.333333e-01,6.666667e-01,6.000000e-03
"658","<leaf>",   2,   2,  0,1,0.0000000000,0,0,1.000000e+00,2.000000e+00,0.000000e+00,1.000000e+00,0.000000e+00,2.000000e-03
"659","<leaf>",   4,   4,  0,2,0.0000000000,0,0,2.000000e+00,0.000000e+00,4.000000e+00,0.000000e+00,1.000000e+00,4.000000e-03
"165","education",  48,  48, 18,1,0.0040983607,4,3,1.000000e+00,3.000000e+01,1.800000e+01,6.250000e-01,3.750000e-01,4.800000e-02
"330","fnlwgt",  39,  39, 11,1,0.0035128806,4,5,1.000000e+00,2.800000e+01,1.100000e+01,7.179487e-01,2.820513e-01,3.900000e-02
"660","fnlwgt",  26,  26,  5,1,0.0023419204,4,3,1.000000e+00,2.100000e+01,5.000000e+00,8.076923e-01,1.923077e-01,2.600000e-02
"1320","occupation",  21,  21,  2,1,0.0011709602,4,3,1.000000e+00,1.900000e+01,2.000000e+00,9.047619e-01,9.523810e-02,2.100000e-02
"2640","<leaf>",  14,  14,  0,1,0.0000000000,0,0,1.000000e+00,1.400000e+01,0.000000e+00,1.000000e+00,0.000000e+00,1.400000e-02
"2641","age",   7,   7,  2,1,0.0011709602,4,0,1.000000e+00,5.000000e+00,2.000000e+00,7.142857e-01,2.857143e-01,7.000000e-03
"5282","fnlwgt",   6,   6,  1,1,0.0011709602,4,1,1.000000e+00,5.000000e+00,1.000000e+00,8.333333e-01,1.666667e-01,6.000000e-03
"10564","<leaf>",   4,   4,  0,1,0.0000000000,0,0,1.000000e+00,4.000000e+00,0.000000e+00,1.000000e+00,0.000000e+00,4.000000e-03
"10565","fnlwgt",   2,   2,  1,1,0.0011709602,0,0,1.000000e+00,1.000000e+00,1.000000e+00,5.000000e-01,5.000000e-01,2.000000e-03
"21130","<leaf>",   1,   1,  0,1,0.0000000000,0,0,1.000000e+00,1.000000e+00,0.000000e+00,1.000000e+00,0.000000e+00,1.000000e-03
"21131","<leaf>",   1,   1,  0,2,0.0000000000,0,0,2.000000e+00,0.000000e+00,1.000000e+00,0.000000e+00,1.000000e+00,1.000000e-03
"5283","<leaf>",   1,   1,  0,2,0.0000000000,0,0,2.000000e+00,0.000000e+00,1.000000e+00,0.000000e+00,1.000000e+00,1.000000e-03
"1321","age",   5,   5,  2,2,0.0023419204,4,0,2.000000e+00,2.000000e+00,3.000000e+00,4.000000e-01,6.000000e-01,5.000000e-03
"2642","fnlwgt",   3,   3,  1,1,0.0023419204,4,0,1.000000e+00,2.000000e+00,1.000000e+00,6.666667e-01,3.333333e-01,3.000000e-03
"5284","<leaf>",   2,   2,  0,1,0.0000000000,0,0,1.000000e+00,2.000000e+00,0.000000e+00,1.000000e+00,0.000000e+00,2.000000e-03
"5285","<leaf>",   1,   1,  0,2,0.0000000000,0,0,2.000000e+00,0.000000e+00,1.000000e+00,0.000000e+00,1.000000e+00,1.000000e-03
"2643","<leaf>",   2,   2,  0,2,0.0000000000,0,0,2.000000e+00,0.000000e+00,2.000000e+00,0.000000e+00,1.000000e+00,2.000000e-03
"661","hours-per-week",  13,  13,  6,1,0.0035128806,4,4,1.000000e+00,7.000000e+00,6.000000e+00,5.384615e-01,4.615385e-01,1.300000e-02
"1322","<leaf>",   4,   4,  0,1,0.0000000000,0,0,1.000000e+00,4.000000e+00,0.000000e+00,1.000000e+00,0.000000e+00,4.000000e-03
"1323","age",   9,   9,  3,2,0.0023419204,4,4,2.000000e+00,3.000000e+00,6.000000e+00,3.333333e-01,6.666667e-01,9.000000e-03
"2646","fnlwgt",   6,   6,  3,1,0.0023419204,4,0,1.000000e+00,3.000000e+00,3.000000e+00,5.000000e-01,5.000000e-01,6.000000e-03
"5292","age",   4,   4,  1,1,0.0011709602,4,0,1.000000e+00,3.000000e+00,1.000000e+00,7.500000e-01,2.500000e-01,4.000000e-03
"10584","<leaf>",   2,   2,  0,1,0.0000000000,0,0,1.000000e+00,2.000000e+00,0.000000e+00,1.000000e+00,0.000000e+00,2.000000e-03
"10585","age",   2,   2,  1,1,0.0011709602,2,0,1.000000e+00,1.000000e+00,1.000000e+00,5.000000e-01,5.000000e-01,2.000000e-03
"21170","<leaf>",   1,   1,  0,1,0.0000000000,0,0,1.000000e+00,1.000000e+00,0.000000e+00,1.000000e+00,0.000000e+00,1.000000e-03
"21171","<leaf>",   1,   1,  0,2,0.0000000000,0,0,2.000000e+00,0.000000e+00,1.000000e+00,0.000000e+00,1.000000e+00,1.000000e-03
"5293","<leaf>",   2,   2,  0,2,0.0000000000,0,0,2.000000e+00,0.000000e+00,2.000000e+00,0.000000e+00,1.000000e+00,2.000000e-03
"2647","<leaf>",   3,   3,  0,2,0.0000000000,0,0,2.000000e+00,0.000000e+00,3.000000e+00,0.000000e+00,1.000000e+00,3.000000e-03
"331","age",   9,   9,  2,2,0.0023419204,4,1,2.000000e+00,2.000000e+00,7.000000e+00,2.222222e-01,7.777778e-01,9.000000e-03
"662","age",   3,   3,  1,1,0.0023419204,3,0,1.000000e+00,2.000000e+00,1.000000e+00,6.666667e-01,3.333333e-01,3.000000e-03
"1324","<leaf>",   2,   2,  0,1,0.0000000000,0,0,1.000000e+00,2.000000e+00,0.000000e+00,1.000000e+00,0.000000e+00,2.000000e-03
"1325","<leaf>",   1,   1,  0,2,0.0000000000,0,0,2.000000e+00,0.000000e+00,1.000000e+00,0.000000e+00,1.000000e+00,1.000000e-03
"663","<leaf>",   6,   6,  0,2,0.0000000000,0,0,2.000000e+00,0.000000e+00,6.000000e+00,0.000000e+00,1.000000e+00,6.000000e-03
"83","<leaf>",   2,   2,  0,2,0.0000000000,0,0,2.000000e+00,0.000000e+00,2.000000e+00,0.000000e+00,1.000000e+00,2.000000e-03
"21","<leaf>",   9,   9,  0,2,0.0000000000,0,0,2.000000e+00,0.000000e+00,9.000000e+00,0.000000e+00,1.000000e+00,9.000000e-03
"11","fnlwgt", 113, 113, 32,2,0.0117096019,4,2,2.000000e+00,3.200000e+01,8.100000e+01,2.831858e-01,7.168142e-01,1.130000e-01
"22","age",  13,  13,  4,1,0.0035128806,4,5,1.000000e+00,9.000000e+00,4.000000e+00,6.923077e-01,3.076923e-01,1.300000e-02
"44","<leaf>",   6,   6,  0,1,0.0000000000,0,0,1.000000e+00,6.000000e+00,0.000000e+00,1.000000e+00,0.000000e+00,6.000000e-03
"45","education",   7,   7,  3,2,0.0035128806,4,5,2.000000e+00,3.000000e+00,4.000000e+00,4.285714e-01,5.714286e-01,7.000000e-03
"90","relationship",   4,   4,  1,1,0.0023419204,4,0,1.000000e+00,3.000000e+00,1.000000e+00,7.500000e-01,2.500000e-01,4.000000e-03
"180","<leaf>",   3,   3,  0,1,0.0000000000,0,0,1.000000e+00,3.000000e+00,0.000000e+00,1.000000e+00,0.000000e+00,3.000000e-03
"181","<leaf>",   1,   1,  0,2,0.0000000000,0,0,2.000000e+00,0.000000e+00,1.000000e+00,0.000000e+00,1.000000e+00,1.000000e-03
"91","<leaf>",   3,   3,  0,2,0.0000000000,0,0,2.000000e+00,0.000000e+00,3.000000e+00,0.000000e+00,1.000000e+00,3.000000e-03
"23","native-country", 100, 100, 23,2,0.0070257611,4,0,2.000000e+00,2.300000e+01,7.700000e+01,2.300000e-01,7.700000e-01,1.000000e-01
"46","<leaf>",   3,   3,  0,1,0.0000000000,0,0,1.000000e+00,3.000000e+00,0.000000e+00,1.000000e+00,0.000000e+00,3.000000e-03
"47","age",  97,  97, 20,2,0.0046838407,4,0,2.000000e+00,2.000000e+01,7.700000e+01,2.061856e-01,7.938144e-01,9.700000e-02
"94","<leaf>",   2,   2,  0,1,0.0000000000,0,0,1.000000e+00,2.000000e+00,0.000000e+00,1.000000e+00,0.000000e+00,2.000000e-03
"95","education",  95,  95, 18,2,0.0035128806,4,0,2.000000e+00,1.800000e+01,7.700000e+01,1.894737e-01,8.105263e-01,9.500000e-02
"190","fnlwgt",   5,   5,  2,1,0.0035128806,4,1,1.000000e+00,3.000000e+00,2.000000e+00,6.000000e-01,4.000000e-01,5.000000e-03
"380","<leaf>",   3,   3,  0,1,0.0000000000,0,0,1.000000e+00,3.000000e+00,0.000000e+00,1.000000e+00,0.000000e+00,3.000000e-03
"381","<leaf>",   2,   2,  0,2,0.0000000000,0,0,2.000000e+00,0.000000e+00,2.000000e+00,0.000000e+00,1.000000e+00,2.000000e-03
"191","race",  90,  90, 15,2,0.0023419204,4,0,2.000000e+00,1.500000e+01,7.500000e+01,1.666667e-01,8.333333e-01,9.000000e-02
"382","<leaf>",   1,   1,  0,1,0.0000000000,0,0,1.000000e+00,1.000000e+00,0.000000e+00,1.000000e+00,0.000000e+00,1.000000e-03
"383","capital-loss",  89,  89, 14,2,0.0023419204,4,0,2.000000e+00,1.400000e+01,7.500000e+01,1.573034e-01,8.426966e-01,8.900000e-02
"766","<leaf>",   1,   1,  0,1,0.0000000000,0,0,1.000000e+00,1.000000e+00,0.000000e+00,1.000000e+00,0.000000e+00,1.000000e-03
"767","education",  88,  88, 13,2,0.0015612802,4,5,2.000000e+00,1.300000e+01,7.500000e+01,1.477273e-01,8.522727e-01,8.800000e-02
"1534","capital-gain",  56,  56, 12,2,0.0015612802,4,1,2.000000e+00,1.200000e+01,4.400000e+01,2.142857e-01,7.857143e-01,5.600000e-02
"3068","occupation",  43,  43, 12,2,0.0015612802,4,0,2.000000e+00,1.200000e+01,3.100000e+01,2.790698e-01,7.209302e-01,4.300000e-02
"6136","<leaf>",   2,   2,  0,1,0.0000000000,0,0,1.000000e+00,2.000000e+00,0.000000e+00,1.000000e+00,0.000000e+00,2.000000e-03
"6137","workclass",  41,  41, 10,2,0.0015612802,4,0,2.000000e+00,1.000000e+01,3.100000e+01,2.439024e-01,7.560976e-01,4.100000e-02
"12274","<leaf>",   1,   1,  0,1,0.0000000000,0,0,1.000000e+00,1.000000e+00,0.000000e+00,1.000000e+00,0.000000e+00,1.000000e-03
"12275","fnlwgt",  40,  40,  9,2,0.0015612802,4,2,2.000000e+00,9.000000e+00,3.100000e+01,2.250000e-01,7.750000e-01,4.000000e-02
"24550","fnlwgt",  11,  11,  4,2,0.0015612802,4,5,2.000000e+00,4.000000e+00,7.000000e+00,3.636364e-01,6.363636e-01,1.100000e-02
"49100","hours-per-week",   7,   7,  3,1,0.0015612802,4,1,1.000000e+00,4.000000e+00,3.000000e+00,5.714286e-01,4.285714e-01,7.000000e-03
"98200","age",   5,   5,  1,1,0.0011709602,4,2,1.000000e+00,4.000000e+00,1.000000e+00,8.000000e-01,2.000000e-01,5.000000e-03
"196400","<leaf>",   3,   3,  0,1,0.0000000000,0,0,1.000000e+00,3.000000e+00,0.000000e+00,1.000000e+00,0.000000e+00,3.000000e-03
"196401","age",   2,   2,  1,1,0.0011709602,3,0,1.000000e+00,1.000000e+00,1.000000e+00,5.000000e-01,5.000000e-01,2.000000e-03
"392802","<leaf>",   1,   1,  0,1,0.0000000000,0,0,1.000000e+00,1.000000e+00,0.000000e+00,1.000000e+00,0.000000e+00,1.000000e-03
"392803","<leaf>",   1,   1,  0,2,0.0000000000,0,0,2.000000e+00,0.000000e+00,1.000000e+00,0.000000e+00,1.000000e+00,1.000000e-03
"98201","<leaf>",   2,   2,  0,2,0.0000000000,0,0,2.000000e+00,0.000000e+00,2.000000e+00,0.000000e+00,1.000000e+00,2.000000e-03
"49101","<leaf>",   4,   4,  0,2,0.0000000000,0,0,2.000000e+00,0.000000e+00,4.000000e+00,0.000000e+00,1.000000e+00,4.000000e-03
"24551","relationship",  29,  29,  5,2,0.0015612802,4,1,2.000000e+00,5.000000e+00,2.400000e+01,1.724138e-01,8.275862e-01,2.900000e-02
"49102","age",   4,   4,  2,1,0.0015612802,4,0,1.000000e+00,2.000000e+00,2.000000e+00,5.000000e-01,5.000000e-01,4.000000e-03
"98204","<leaf>",   2,   2,  0,1,0.0000000000,0,0,1.000000e+00,2.000000e+00,0.000000e+00,1.000000e+00,0.000000e+00,2.000000e-03
"98205","<leaf>",   2,   2,  0,2,0.0000000000,0,0,2.000000e+00,0.000000e+00,2.000000e+00,0.000000e+00,1.000000e+00,2.000000e-03
"49103","age",  25,  25,  3,2,0.0015612802,4,3,2.000000e+00,3.000000e+00,2.200000e+01,1.200000e-01,8.800000e-01,2.500000e-02
"98206","age",  17,  17,  3,2,0.0015612802,4,0,2.000000e+00,3.000000e+00,1.400000e+01,1.764706e-01,8.235294e-01,1.700000e-02
"196412","workclass",   3,   3,  1,1,0.0015612802,4,0,1.000000e+00,2.000000e+00,1.000000e+00,6.666667e-01,3.333333e-01,3.000000e-03
"392824","<leaf>",   2,   2,  0,1,0.0000000000,0,0,1.000000e+00,2.000000e+00,0.000000e+00,1.000000e+00,0.000000e+00,2.000000e-03
"392825","<leaf>",   1,   1,  0,2,0.0000000000,0,0,2.000000e+00,0.000000e+00,1.000000e+00,0.000000e+00,1.000000e+00,1.000000e-03
"196413","education",  14,  14,  1,2,0.0011709602,4,1,2.000000e+00,1.000000e+00,1.300000e+01,7.142857e-02,9.285714e-01,1.400000e-02
"392826","age",   2,   2,  1,1,0.0011709602,2,0,1.000000e+00,1.000000e+00,1.000000e+00,5.000000e-01,5.000000e-01,2.000000e-03
"785652","<leaf>",   1,   1,  0,1,0.0000000000,0,0,1.000000e+00,1.000000e+00,0.000000e+00,1.000000e+00,0.000000e+00,1.000000e-03
"785653","<leaf>",   1,   1,  0,2,0.0000000000,0,0,2.000000e+00,0.000000e+00,1.000000e+00,0.000000e+00,1.000000e+00,1.000000e-03
"392827","<leaf>",  12,  12,  0,2,0.0000000000,0,0,2.000000e+00,0.000000e+00,1.200000e+01,0.000000e+00,1.000000e+00,1.200000e-02
"98207","<leaf>",   8,   8,  0,2,0.0000000000,0,0,2.000000e+00,0.000000e+00,8.000000e+00,0.000000e+00,1.000000e+00,8.000000e-03
"3069","<leaf>",  13,  13,  0,2,0.0000000000,0,0,2.000000e+00,0.000000e+00,1.300000e+01,0.000000e+00,1.000000e+00,1.300000e-02
"1535","age",  32,  32,  1,2,0.0011709602,4,0,2.000000e+00,1.000000e+00,3.100000e+01,3.125000e-02,9.687500e-01,3.200000e-02
"3070","age",   3,   3,  1,2,0.0011709602,4,0,2.000000e+00,1.000000e+00,2.000000e+00,3.333333e-01,6.666667e-01,3.000000e-03
"6140","<leaf>",   1,   1,  0,1,0.0000000000,0,0,1.000000e+00,1.000000e+00,0.000000e+00,1.000000e+00,0.000000e+00,1.000000e-03
"6141","<leaf>",   2,   2,  0,2,0.0000000000,0,0,2.000000e+00,0.000000e+00,2.000000e+00,0.000000e+00,1.000000e+00,2.000000e-03
"3071","<leaf>",  29,  29,  0,2,0.0000000000,0,0,2.000000e+00,0.000000e+00,2.900000e+01,0.000000e+00,1.000000e+00,2.900000e-02
"3","marital-status", 276, 276,  9,2,0.0093676815,4,5,2.000000e+00,9.000000e+00,2.670000e+02,3.260870e-02,9.673913e-01,2.760000e-01
"6","capital-loss",   6,   6,  1,1,0.0023419204,4,0,1.000000e+00,5.000000e+00,1.000000e+00,8.333333e-01,1.666667e-01,6.000000e-03
"12","<leaf>",   5,   5,  0,1,0.0000000000,0,0,1.000000e+00,5.000000e+00,0.000000e+00,1.000000e+00,0.000000e+00,5.000000e-03
"13","<leaf>",   1,   1,  0,2,0.0000000000,0,0,2.000000e+00,0.000000e+00,1.000000e+00,0.000000e+00,1.000000e+00,1.000000e-03
"7","capital-loss", 270, 270,  4,2,0.0035128806,4,5,2.000000e+00,4.000000e+00,2.660000e+02,1.481481e-02,9.851852e-01,2.700000e-01
"14","fnlwgt",   5,   5,  2,1,0.0035128806,4,4,1.000000e+00,3.000000e+00,2.000000e+00,6.000000e-01,4.000000e-01,5.000000e-03
"28","<leaf>",   3,   3,  0,1,0.0000000000,0,0,1.000000e+00,3.000000e+00,0.000000e+00,1.000000e+00,0.000000e+00,3.000000e-03
"29","<leaf>",   2,   2,  0,2,0.0000000000,0,0,2.000000e+00,0.000000e+00,2.000000e+00,0.000000e+00,1.000000e+00,2.000000e-03
"15","fnlwgt", 265, 265,  1,2,0.0023419204,4,0,2.000000e+00,1.000000e+00,2.640000e+02,3.773585e-03,9.962264e-01,2.650000e-01
"30","<leaf>",   1,   1,  0,1,0.0000000000,0,0,1.000000e+00,1.000000e+00,0.000000e+00,1.000000e+00,0.000000e+00,1.000000e-03
"31","<leaf>", 264, 264,  0,2,0.0000000000,0,0,2.000000e+00,0.000000e+00,2.640000e+02,0.000000e+00,1.000000e+00,2.640000e-01
