"","var","n","wt","dev","yval","complexity","ncompete","nsurrogate","yval2.","yval2.","yval2.","yval2.","yval2.","yval2.nodeprob"
"1","relationship",1000,1000,190,1,0.144736842,4,5,1.000000e+00,8.100000e+02,1.900000e+02,8.100000e-01,1.900000e-01,1.000000e+00
"2","capital-gain", 650, 650, 30,1,0.031578947,4,0,1.000000e+00,6.200000e+02,3.000000e+01,9.538462e-01,4.615385e-02,6.500000e-01
"4","education", 644, 644, 24,1,0.009210526,4,5,1.000000e+00,6.200000e+02,2.400000e+01,9.627329e-01,3.726708e-02,6.440000e-01
"8","capital-loss", 566, 566,  6,1,0.005263158,4,0,1.000000e+00,5.600000e+02,6.000000e+00,9.893993e-01,1.060071e-02,5.660000e-01
"16","age", 563, 563,  4,1,0.003508772,4,0,1.000000e+00,5.590000e+02,4.000000e+00,9.928952e-01,7.104796e-03,5.630000e-01
"32","hours-per-week", 559, 559,  3,1,0.003508772,4,3,1.000000e+00,5.560000e+02,3.000000e+00,9.946333e-01,5.366726e-03,5.590000e-01
"64","<leaf>", 519, 519,  0,1,0.000000000,0,0,1.000000e+00,5.190000e+02,0.000000e+00,1.000000e+00,0.000000e+00,5.190000e-01
"65","occupation",  40,  40,  3,1,0.003508772,4,0,1.000000e+00,3.700000e+01,3.000000e+00,9.250000e-01,7.500000e-02,4.000000e-02
"130","age",  39,  39,  2,1,0.003508772,4,4,1.000000e+00,3.700000e+01,2.000000e+00,9.487179e-01,5.128205e-02,3.900000e-02
"260","<leaf>",  31,  31,  0,1,0.000000000,0,0,1.000000e+00,3.100000e+01,0.000000e+00,1.000000e+00,0.000000e+00,3.100000e-02
"261","fnlwgt",   8,   8,  2,1,0.003508772,4,0,1.000000e+00,6.000000e+00,2.000000e+00,7.500000e-01,2.500000e-01,8.000000e-03
"522","<leaf>",   6,   6,  0,1,0.000000000,0,0,1.000000e+00,6.000000e+00,0.000000e+00,1.000000e+00,0.000000e+00,6.000000e-03
"523","<leaf>",   2,   2,  0,2,0.000000000,0,0,2.000000e+00,0.000000e+00,2.000000e+00,0.000000e+00,1.000000e+00,2.000000e-03
"131","<leaf>",   1,   1,  0,2,0.000000000,0,0,2.000000e+00,0.000000e+00,1.000000e+00,0.000000e+00,1.000000e+00,1.000000e-03
"33","workclass",   4,   4,  1,1,0.003508772,4,0,1.000000e+00,3.000000e+00,1.000000e+00,7.500000e-01,2.500000e-01,4.000000e-03
"66","<leaf>",   3,   3,  0,1,0.000000000,0,0,1.000000e+00,3.000000e+00,0.000000e+00,1.000000e+00,0.000000e+00,3.000000e-03
"67","<leaf>",   1,   1,  0,2,0.000000000,0,0,2.000000e+00,0.000000e+00,1.000000e+00,0.000000e+00,1.000000e+00,1.000000e-03
"17","age",   3,   3,  1,2,0.005263158,4,0,2.000000e+00,1.000000e+00,2.000000e+00,3.333333e-01,6.666667e-01,3.000000e-03
"34","<leaf>",   1,   1,  0,1,0.000000000,0,0,1.000000e+00,1.000000e+00,0.000000e+00,1.000000e+00,0.000000e+00,1.000000e-03
"35","<leaf>",   2,   2,  0,2,0.000000000,0,0,2.000000e+00,0.000000e+00,2.000000e+00,0.000000e+00,1.000000e+00,2.000000e-03
"9","age",  78,  78, 18,1,0.009210526,4,5,1.000000e+00,6.000000e+01,1.800000e+01,7.692308e-01,2.307692e-01,7.800000e-02
"18","fnlwgt",  33,  33,  2,1,0.005263158,4,0,1.000000e+00,3.100000e+01,2.000000e+00,9.393939e-01,6.060606e-02,3.300000e-02
"36","hours-per-week",  32,  32,  1,1,0.005263158,4,0,1.000000e+00,3.100000e+01,1.000000e+00,9.687500e-01,3.125000e-02,3.200000e-02
"72","<leaf>",  31,  31,  0,1,0.000000000,0,0,1.000000e+00,3.100000e+01,0.000000e+00,1.000000e+00,0.000000e+00,3.100000e-02
"73","<leaf>",   1,   1,  0,2,0.000000000,0,0,2.000000e+00,0.000000e+00,1.000000e+00,0.000000e+00,1.000000e+00,1.000000e-03
"37","<leaf>",   1,   1,  0,2,0.000000000,0,0,2.000000e+00,0.000000e+00,1.000000e+00,0.000000e+00,1.000000e+00,1.000000e-03
"19","hours-per-week",  45,  45, 16,1,0.009210526,4,4,1.000000e+00,2.900000e+01,1.600000e+01,6.444444e-01,3.555556e-01,4.500000e-02
"38","age",  30,  30,  7,1,0.005263158,4,5,1.000000e+00,2.300000e+01,7.000000e+00,7.666667e-01,2.333333e-01,3.000000e-02
"76","education",  18,  18,  2,1,0.005263158,4,0,1.000000e+00,1.600000e+01,2.000000e+00,8.888889e-01,1.111111e-01,1.800000e-02
"152","fnlwgt",  17,  17,  1,1,0.002631579,4,0,1.000000e+00,1.600000e+01,1.000000e+00,9.411765e-01,5.882353e-02,1.700000e-02
"304","<leaf>",  15,  15,  0,1,0.000000000,0,0,1.000000e+00,1.500000e+01,0.000000e+00,1.000000e+00,0.000000e+00,1.500000e-02
"305","age",   2,   2,  1,1,0.002631579,4,0,1.000000e+00,1.000000e+00,1.000000e+00,5.000000e-01,5.000000e-01,2.000000e-03
"610","<leaf>",   1,   1,  0,1,0.000000000,0,0,1.000000e+00,1.000000e+00,0.000000e+00,1.000000e+00,0.000000e+00,1.000000e-03
"611","<leaf>",   1,   1,  0,2,0.000000000,0,0,2.000000e+00,0.000000e+00,1.000000e+00,0.000000e+00,1.000000e+00,1.000000e-03
"153","<leaf>",   1,   1,  0,2,0.000000000,0,0,2.000000e+00,0.000000e+00,1.000000e+00,0.000000e+00,1.000000e+00,1.000000e-03
"77","marital-status",  12,  12,  5,1,0.005263158,4,0,1.000000e+00,7.000000e+00,5.000000e+00,5.833333e-01,4.166667e-01,1.200000e-02
"154","fnlwgt",  10,  10,  3,1,0.005263158,4,5,1.000000e+00,7.000000e+00,3.000000e+00,7.000000e-01,3.000000e-01,1.000000e-02
"308","<leaf>",   5,   5,  0,1,0.000000000,0,0,1.000000e+00,5.000000e+00,0.000000e+00,1.000000e+00,0.000000e+00,5.000000e-03
"309","fnlwgt",   5,   5,  2,2,0.005263158,4,1,2.000000e+00,2.000000e+00,3.000000e+00,4.000000e-01,6.000000e-01,5.000000e-03
"618","<leaf>",   2,   2,  0,1,0.000000000,0,0,1.000000e+00,2.000000e+00,0.000000e+00,1.000000e+00,0.000000e+00,2.000000e-03
"619","<leaf>",   3,   3,  0,2,0.000000000,0,0,2.000000e+00,0.000000e+00,3.000000e+00,0.000000e+00,1.000000e+00,3.000000e-03
"155","<leaf>",   2,   2,  0,2,0.000000000,0,0,2.000000e+00,0.000000e+00,2.000000e+00,0.000000e+00,1.000000e+00,2.000000e-03
"39","hours-per-week",  15,  15,  6,2,0.009210526,4,1,2.000000e+00,6.000000e+00,9.000000e+00,4.000000e-01,6.000000e-01,1.500000e-02
"78","<leaf>",   4,   4,  0,1,0.000000000,0,0,1.000000e+00,4.000000e+00,0.000000e+00,1.000000e+00,0.000000e+00,4.000000e-03
"79","age",  11,  11,  2,2,0.005263158,4,0,2.000000e+00,2.000000e+00,9.000000e+00,1.818182e-01,8.181818e-01,1.100000e-02
"158","<leaf>",   1,   1,  0,1,0.000000000,0,0,1.000000e+00,1.000000e+00,0.000000e+00,1.000000e+00,0.000000e+00,1.000000e-03
"159","fnlwgt",  10,  10,  1,2,0.002631579,4,4,2.000000e+00,1.000000e+00,9.000000e+00,1.000000e-01,9.000000e-01,1.000000e-02
"318","age",   3,   3,  1,2,0.002631579,4,0,2.000000e+00,1.000000e+00,2.000000e+00,3.333333e-01,6.666667e-01,3.000000e-03
"636","<leaf>",   1,   1,  0,1,0.000000000,0,0,1.000000e+00,1.000000e+00,0.000000e+00,1.000000e+00,0.000000e+00,1.000000e-03
"637","<leaf>",   2,   2,  0,2,0.000000000,0,0,2.000000e+00,0.000000e+00,2.000000e+00,0.000000e+00,1.000000e+00,2.000000e-03
"319","<leaf>",   7,   7,  0,2,0.000000000,0,0,2.000000e+00,0.000000e+00,7.000000e+00,0.000000e+00,1.000000e+00,7.000000e-03
"5","<leaf>",   6,   6,  0,2,0.000000000,0,0,2.000000e+00,0.000000e+00,6.000000e+00,0.000000e+00,1.000000e+00,6.000000e-03
"3","education", 350, 350,160,1,0.144736842,4,5,1.000000e+00,1.900000e+02,1.600000e+02,5.428571e-01,4.571429e-01,3.500000e-01
"6","age", 235, 235, 75,1,0.021052632,4,5,1.000000e+00,1.600000e+02,7.500000e+01,6.808511e-01,3.191489e-01,2.350000e-01
"12","capital-gain",  92,  92, 13,1,0.015789474,4,0,1.000000e+00,7.900000e+01,1.300000e+01,8.586957e-01,1.413043e-01,9.200000e-02
"24","occupation",  89,  89, 10,1,0.005263158,4,5,1.000000e+00,7.900000e+01,1.000000e+01,8.876404e-01,1.123596e-01,8.900000e-02
"48","<leaf>",  38,  38,  0,1,0.000000000,0,0,1.000000e+00,3.800000e+01,0.000000e+00,1.000000e+00,0.000000e+00,3.800000e-02
"49","fnlwgt",  51,  51, 10,1,0.005263158,4,1,1.000000e+00,4.100000e+01,1.000000e+01,8.039216e-01,1.960784e-01,5.100000e-02
"98","fnlwgt",  47,  47,  7,1,0.005263158,4,1,1.000000e+00,4.000000e+01,7.000000e+00,8.510638e-01,1.489362e-01,4.700000e-02
"196","education-num",  42,  42,  5,1,0.005263158,4,2,1.000000e+00,3.700000e+01,5.000000e+00,8.809524e-01,1.190476e-01,4.200000e-02
"392","fnlwgt",  29,  29,  1,1,0.002631579,4,1,1.000000e+00,2.800000e+01,1.000000e+00,9.655172e-01,3.448276e-02,2.900000e-02
"784","<leaf>",  22,  22,  0,1,0.000000000,0,0,1.000000e+00,2.200000e+01,0.000000e+00,1.000000e+00,0.000000e+00,2.200000e-02
"785","fnlwgt",   7,   7,  1,1,0.002631579,4,0,1.000000e+00,6.000000e+00,1.000000e+00,8.571429e-01,1.428571e-01,7.000000e-03
"1570","<leaf>",   6,   6,  0,1,0.000000000,0,0,1.000000e+00,6.000000e+00,0.000000e+00,1.000000e+00,0.000000e+00,6.000000e-03
"1571","<leaf>",   1,   1,  0,2,0.000000000,0,0,2.000000e+00,0.000000e+00,1.000000e+00,0.000000e+00,1.000000e+00,1.000000e-03
"393","fnlwgt",  13,  13,  4,1,0.005263158,4,2,1.000000e+00,9.000000e+00,4.000000e+00,6.923077e-01,3.076923e-01,1.300000e-02
"786","<leaf>",   5,   5,  0,1,0.000000000,0,0,1.000000e+00,5.000000e+00,0.000000e+00,1.000000e+00,0.000000e+00,5.000000e-03
"787","age",   8,   8,  4,1,0.005263158,4,5,1.000000e+00,4.000000e+00,4.000000e+00,5.000000e-01,5.000000e-01,8.000000e-03
"1574","<leaf>",   4,   4,  0,1,0.000000000,0,0,1.000000e+00,4.000000e+00,0.000000e+00,1.000000e+00,0.000000e+00,4.000000e-03
"1575","<leaf>",   4,   4,  0,2,0.000000000,0,0,2.000000e+00,0.000000e+00,4.000000e+00,0.000000e+00,1.000000e+00,4.000000e-03
"197","fnlwgt",   5,   5,  2,1,0.005263158,4,2,1.000000e+00,3.000000e+00,2.000000e+00,6.000000e-01,4.000000e-01,5.000000e-03
"394","<leaf>",   3,   3,  0,1,0.000000000,0,0,1.000000e+00,3.000000e+00,0.000000e+00,1.000000e+00,0.000000e+00,3.000000e-03
"395","<leaf>",   2,   2,  0,2,0.000000000,0,0,2.000000e+00,0.000000e+00,2.000000e+00,0.000000e+00,1.000000e+00,2.000000e-03
"99","education",   4,   4,  1,2,0.005263158,4,0,2.000000e+00,1.000000e+00,3.000000e+00,2.500000e-01,7.500000e-01,4.000000e-03
"198","<leaf>",   1,   1,  0,1,0.000000000,0,0,1.000000e+00,1.000000e+00,0.000000e+00,1.000000e+00,0.000000e+00,1.000000e-03
"199","<leaf>",   3,   3,  0,2,0.000000000,0,0,2.000000e+00,0.000000e+00,3.000000e+00,0.000000e+00,1.000000e+00,3.000000e-03
"25","<leaf>",   3,   3,  0,2,0.000000000,0,0,2.000000e+00,0.000000e+00,3.000000e+00,0.000000e+00,1.000000e+00,3.000000e-03
"13","education", 143, 143, 62,1,0.021052632,4,4,1.000000e+00,8.100000e+01,6.200000e+01,5.664336e-01,4.335664e-01,1.430000e-01
"26","hours-per-week",  26,  26,  3,1,0.005263158,4,0,1.000000e+00,2.300000e+01,3.000000e+00,8.846154e-01,1.153846e-01,2.600000e-02
"52","capital-loss",  23,  23,  1,1,0.005263158,4,0,1.000000e+00,2.200000e+01,1.000000e+00,9.565217e-01,4.347826e-02,2.300000e-02
"104","<leaf>",  22,  22,  0,1,0.000000000,0,0,1.000000e+00,2.200000e+01,0.000000e+00,1.000000e+00,0.000000e+00,2.200000e-02
"105","<leaf>",   1,   1,  0,2,0.000000000,0,0,2.000000e+00,0.000000e+00,1.000000e+00,0.000000e+00,1.000000e+00,1.000000e-03
"53","age",   3,   3,  1,2,0.005263158,4,0,2.000000e+00,1.000000e+00,2.000000e+00,3.333333e-01,6.666667e-01,3.000000e-03
"106","<leaf>",   1,   1,  0,1,0.000000000,0,0,1.000000e+00,1.000000e+00,0.000000e+00,1.000000e+00,0.000000e+00,1.000000e-03
"107","<leaf>",   2,   2,  0,2,0.000000000,0,0,2.000000e+00,0.000000e+00,2.000000e+00,0.000000e+00,1.000000e+00,2.000000e-03
"27","occupation", 117, 117, 58,2,0.021052632,4,4,2.000000e+00,5.800000e+01,5.900000e+01,4.957265e-01,5.042735e-01,1.170000e-01
"54","hours-per-week",  87,  87, 38,1,0.007894737,4,1,1.000000e+00,4.900000e+01,3.800000e+01,5.632184e-01,4.367816e-01,8.700000e-02
"108","<leaf>",   7,   7,  0,1,0.000000000,0,0,1.000000e+00,7.000000e+00,0.000000e+00,1.000000e+00,0.000000e+00,7.000000e-03
"109","fnlwgt",  80,  80, 38,1,0.007894737,4,1,1.000000e+00,4.200000e+01,3.800000e+01,5.250000e-01,4.750000e-01,8.000000e-02
"218","fnlwgt",  77,  77, 35,1,0.007894737,4,2,1.000000e+00,4.200000e+01,3.500000e+01,5.454545e-01,4.545455e-01,7.700000e-02
"436","<leaf>",   5,   5,  0,1,0.000000000,0,0,1.000000e+00,5.000000e+00,0.000000e+00,1.000000e+00,0.000000e+00,5.000000e-03
"437","capital-gain",  72,  72, 35,1,0.007894737,4,1,1.000000e+00,3.700000e+01,3.500000e+01,5.138889e-01,4.861111e-01,7.200000e-02
"874","fnlwgt",  66,  66, 30,1,0.007894737,4,0,1.000000e+00,3.600000e+01,3.000000e+01,5.454545e-01,4.545455e-01,6.600000e-02
"1748","capital-loss",  61,  61, 26,1,0.007894737,4,0,1.000000e+00,3.500000e+01,2.600000e+01,5.737705e-01,4.262295e-01,6.100000e-02
"3496","fnlwgt",  59,  59, 24,1,0.007894737,4,4,1.000000e+00,3.500000e+01,2.400000e+01,5.932203e-01,4.067797e-01,5.900000e-02
"6992","workclass",  25,  25,  7,1,0.007894737,4,0,1.000000e+00,1.800000e+01,7.000000e+00,7.200000e-01,2.800000e-01,2.500000e-02
"13984","occupation",  23,  23,  5,1,0.005263158,4,5,1.000000e+00,1.800000e+01,5.000000e+00,7.826087e-01,2.173913e-01,2.300000e-02
"27968","age",  14,  14,  1,1,0.002631579,4,1,1.000000e+00,1.300000e+01,1.000000e+00,9.285714e-01,7.142857e-02,1.400000e-02
"55936","<leaf>",  10,  10,  0,1,0.000000000,0,0,1.000000e+00,1.000000e+01,0.000000e+00,1.000000e+00,0.000000e+00,1.000000e-02
"55937","age",   4,   4,  1,1,0.002631579,4,0,1.000000e+00,3.000000e+00,1.000000e+00,7.500000e-01,2.500000e-01,4.000000e-03
"111874","<leaf>",   3,   3,  0,1,0.000000000,0,0,1.000000e+00,3.000000e+00,0.000000e+00,1.000000e+00,0.000000e+00,3.000000e-03
"111875","<leaf>",   1,   1,  0,2,0.000000000,0,0,2.000000e+00,0.000000e+00,1.000000e+00,0.000000e+00,1.000000e+00,1.000000e-03
"27969","age",   9,   9,  4,1,0.005263158,4,0,1.000000e+00,5.000000e+00,4.000000e+00,5.555556e-01,4.444444e-01,9.000000e-03
"55938","<leaf>",   2,   2,  0,1,0.000000000,0,0,1.000000e+00,2.000000e+00,0.000000e+00,1.000000e+00,0.000000e+00,2.000000e-03
"55939","workclass",   7,   7,  3,2,0.005263158,4,0,2.000000e+00,3.000000e+00,4.000000e+00,4.285714e-01,5.714286e-01,7.000000e-03
"111878","<leaf>",   2,   2,  0,1,0.000000000,0,0,1.000000e+00,2.000000e+00,0.000000e+00,1.000000e+00,0.000000e+00,2.000000e-03
"111879","race",   5,   5,  1,2,0.005263158,4,0,2.000000e+00,1.000000e+00,4.000000e+00,2.000000e-01,8.000000e-01,5.000000e-03
"223758","<leaf>",   1,   1,  0,1,0.000000000,0,0,1.000000e+00,1.000000e+00,0.000000e+00,1.000000e+00,0.000000e+00,1.000000e-03
"223759","<leaf>",   4,   4,  0,2,0.000000000,0,0,2.000000e+00,0.000000e+00,4.000000e+00,0.000000e+00,1.000000e+00,4.000000e-03
"13985","<leaf>",   2,   2,  0,2,0.000000000,0,0,2.000000e+00,0.000000e+00,2.000000e+00,0.000000e+00,1.000000e+00,2.000000e-03
"6993","workclass",  34,  34, 17,1,0.007894737,4,5,1.000000e+00,1.700000e+01,1.700000e+01,5.000000e-01,5.000000e-01,3.400000e-02
"13986","education",   8,   8,  2,1,0.005263158,4,0,1.000000e+00,6.000000e+00,2.000000e+00,7.500000e-01,2.500000e-01,8.000000e-03
"27972","fnlwgt",   7,   7,  1,1,0.002631579,4,0,1.000000e+00,6.000000e+00,1.000000e+00,8.571429e-01,1.428571e-01,7.000000e-03
"55944","<leaf>",   5,   5,  0,1,0.000000000,0,0,1.000000e+00,5.000000e+00,0.000000e+00,1.000000e+00,0.000000e+00,5.000000e-03
"55945","age",   2,   2,  1,1,0.002631579,2,0,1.000000e+00,1.000000e+00,1.000000e+00,5.000000e-01,5.000000e-01,2.000000e-03
"111890","<leaf>",   1,   1,  0,1,0.000000000,0,0,1.000000e+00,1.000000e+00,0.000000e+00,1.000000e+00,0.000000e+00,1.000000e-03
"111891","<leaf>",   1,   1,  0,2,0.000000000,0,0,2.000000e+00,0.000000e+00,1.000000e+00,0.000000e+00,1.000000e+00,1.000000e-03
"27973","<leaf>",   1,   1,  0,2,0.000000000,0,0,2.000000e+00,0.000000e+00,1.000000e+00,0.000000e+00,1.000000e+00,1.000000e-03
"13987","hours-per-week",  26,  26, 11,2,0.007894737,4,0,2.000000e+00,1.100000e+01,1.500000e+01,4.230769e-01,5.769231e-01,2.600000e-02
"27974","<leaf>",   3,   3,  0,1,0.000000000,0,0,1.000000e+00,3.000000e+00,0.000000e+00,1.000000e+00,0.000000e+00,3.000000e-03
"27975","fnlwgt",  23,  23,  8,2,0.005263158,4,4,2.000000e+00,8.000000e+00,1.500000e+01,3.478261e-01,6.521739e-01,2.300000e-02
"55950","occupation",  15,  15,  7,2,0.005263158,4,0,2.000000e+00,7.000000e+00,8.000000e+00,4.666667e-01,5.333333e-01,1.500000e-02
"111900","<leaf>",   2,   2,  0,1,0.000000000,0,0,1.000000e+00,2.000000e+00,0.000000e+00,1.000000e+00,0.000000e+00,2.000000e-03
"111901","age",  13,  13,  5,2,0.005263158,4,5,2.000000e+00,5.000000e+00,8.000000e+00,3.846154e-01,6.153846e-01,1.300000e-02
"223802","age",   7,   7,  3,1,0.005263158,4,1,1.000000e+00,4.000000e+00,3.000000e+00,5.714286e-01,4.285714e-01,7.000000e-03
"447604","<leaf>",   2,   2,  0,1,0.000000000,0,0,1.000000e+00,2.000000e+00,0.000000e+00,1.000000e+00,0.000000e+00,2.000000e-03
"447605","age",   5,   5,  2,2,0.005263158,4,0,2.000000e+00,2.000000e+00,3.000000e+00,4.000000e-01,6.000000e-01,5.000000e-03
"895210","hours-per-week",   3,   3,  1,1,0.005263158,4,0,1.000000e+00,2.000000e+00,1.000000e+00,6.666667e-01,3.333333e-01,3.000000e-03
"1790420","<leaf>",   2,   2,  0,1,0.000000000,0,0,1.000000e+00,2.000000e+00,0.000000e+00,1.000000e+00,0.000000e+00,2.000000e-03
"1790421","<leaf>",   1,   1,  0,2,0.000000000,0,0,2.000000e+00,0.000000e+00,1.000000e+00,0.000000e+00,1.000000e+00,1.000000e-03
"895211","<leaf>",   2,   2,  0,2,0.000000000,0,0,2.000000e+00,0.000000e+00,2.000000e+00,0.000000e+00,1.000000e+00,2.000000e-03
"223803","fnlwgt",   6,   6,  1,2,0.005263158,4,0,2.000000e+00,1.000000e+00,5.000000e+00,1.666667e-01,8.333333e-01,6.000000e-03
"447606","<leaf>",   1,   1,  0,1,0.000000000,0,0,1.000000e+00,1.000000e+00,0.000000e+00,1.000000e+00,0.000000e+00,1.000000e-03
"447607","<leaf>",   5,   5,  0,2,0.000000000,0,0,2.000000e+00,0.000000e+00,5.000000e+00,0.000000e+00,1.000000e+00,5.000000e-03
"55951","education",   8,   8,  1,2,0.005263158,4,0,2.000000e+00,1.000000e+00,7.000000e+00,1.250000e-01,8.750000e-01,8.000000e-03
"111902","<leaf>",   1,   1,  0,1,0.000000000,0,0,1.000000e+00,1.000000e+00,0.000000e+00,1.000000e+00,0.000000e+00,1.000000e-03
"111903","<leaf>",   7,   7,  0,2,0.000000000,0,0,2.000000e+00,0.000000e+00,7.000000e+00,0.000000e+00,1.000000e+00,7.000000e-03
"3497","<leaf>",   2,   2,  0,2,0.000000000,0,0,2.000000e+00,0.000000e+00,2.000000e+00,0.000000e+00,1.000000e+00,2.000000e-03
"1749","age",   5,   5,  1,2,0.005263158,4,0,2.000000e+00,1.000000e+00,4.000000e+00,2.000000e-01,8.000000e-01,5.000000e-03
"3498","<leaf>",   1,   1,  0,1,0.000000000,0,0,1.000000e+00,1.000000e+00,0.000000e+00,1.000000e+00,0.000000e+00,1.000000e-03
"3499","<leaf>",   4,   4,  0,2,0.000000000,0,0,2.000000e+00,0.000000e+00,4.000000e+00,0.000000e+00,1.000000e+00,4.000000e-03
"875","age",   6,   6,  1,2,0.005263158,4,0,2.000000e+00,1.000000e+00,5.000000e+00,1.666667e-01,8.333333e-01,6.000000e-03
"1750","<leaf>",   1,   1,  0,1,0.000000000,0,0,1.000000e+00,1.000000e+00,0.000000e+00,1.000000e+00,0.000000e+00,1.000000e-03
"1751","<leaf>",   5,   5,  0,2,0.000000000,0,0,2.000000e+00,0.000000e+00,5.000000e+00,0.000000e+00,1.000000e+00,5.000000e-03
"219","<leaf>",   3,   3,  0,2,0.000000000,0,0,2.000000e+00,0.000000e+00,3.000000e+00,0.000000e+00,1.000000e+00,3.000000e-03
"55","fnlwgt",  30,  30,  9,2,0.010526316,4,0,2.000000e+00,9.000000e+00,2.100000e+01,3.000000e-01,7.000000e-01,3.000000e-02
"110","<leaf>",   2,   2,  0,1,0.000000000,0,0,1.000000e+00,2.000000e+00,0.000000e+00,1.000000e+00,0.000000e+00,2.000000e-03
"111","education",  28,  28,  7,2,0.007894737,4,5,2.000000e+00,7.000000e+00,2.100000e+01,2.500000e-01,7.500000e-01,2.800000e-02
"222","age",  11,  11,  5,2,0.007894737,4,2,2.000000e+00,5.000000e+00,6.000000e+00,4.545455e-01,5.454545e-01,1.100000e-02
"444","<leaf>",   3,   3,  0,1,0.000000000,0,0,1.000000e+00,3.000000e+00,0.000000e+00,1.000000e+00,0.000000e+00,3.000000e-03
"445","workclass",   8,   8,  2,2,0.005263158,4,0,2.000000e+00,2.000000e+00,6.000000e+00,2.500000e-01,7.500000e-01,8.000000e-03
"890","<leaf>",   1,   1,  0,1,0.000000000,0,0,1.000000e+00,1.000000e+00,0.000000e+00,1.000000e+00,0.000000e+00,1.000000e-03
"891","fnlwgt",   7,   7,  1,2,0.005263158,4,0,2.000000e+00,1.000000e+00,6.000000e+00,1.428571e-01,8.571429e-01,7.000000e-03
"1782","<leaf>",   1,   1,  0,1,0.000000000,0,0,1.000000e+00,1.000000e+00,0.000000e+00,1.000000e+00,0.000000e+00,1.000000e-03
"1783","<leaf>",   6,   6,  0,2,0.000000000,0,0,2.000000e+00,0.000000e+00,6.000000e+00,0.000000e+00,1.000000e+00,6.000000e-03
"223","age",  17,  17,  2,2,0.003508772,4,1,2.000000e+00,2.000000e+00,1.500000e+01,1.176471e-01,8.823529e-01,1.700000e-02
"446","workclass",   4,   4,  2,1,0.003508772,4,0,1.000000e+00,2.000000e+00,2.000000e+00,5.000000e-01,5.000000e-01,4.000000e-03
"892","capital-gain",   3,   3,  1,1,0.003508772,4,0,1.000000e+00,2.000000e+00,1.000000e+00,6.666667e-01,3.333333e-01,3.000000e-03
"1784","<leaf>",   2,   2,  0,1,0.000000000,0,0,1.000000e+00,2.000000e+00,0.000000e+00,1.000000e+00,0.000000e+00,2.000000e-03
"1785","<leaf>",   1,   1,  0,2,0.000000000,0,0,2.000000e+00,0.000000e+00,1.000000e+00,0.000000e+00,1.000000e+00,1.000000e-03
"893","<leaf>",   1,   1,  0,2,0.000000000,0,0,2.000000e+00,0.000000e+00,1.000000e+00,0.000000e+00,1.000000e+00,1.000000e-03
"447","<leaf>",  13,  13,  0,2,0.000000000,0,0,2.000000e+00,0.000000e+00,1.300000e+01,0.000000e+00,1.000000e+00,1.300000e-02
"7","age", 115, 115, 30,2,0.021052632,4,2,2.000000e+00,3.000000e+01,8.500000e+01,2.608696e-01,7.391304e-01,1.150000e-01
"14","hours-per-week",  20,  20,  8,1,0.015789474,4,5,1.000000e+00,1.200000e+01,8.000000e+00,6.000000e-01,4.000000e-01,2.000000e-02
"28","occupation",  11,  11,  2,1,0.005263158,4,3,1.000000e+00,9.000000e+00,2.000000e+00,8.181818e-01,1.818182e-01,1.100000e-02
"56","<leaf>",   8,   8,  0,1,0.000000000,0,0,1.000000e+00,8.000000e+00,0.000000e+00,1.000000e+00,0.000000e+00,8.000000e-03
"57","age",   3,   3,  1,2,0.005263158,4,0,2.000000e+00,1.000000e+00,2.000000e+00,3.333333e-01,6.666667e-01,3.000000e-03
"114","<leaf>",   1,   1,  0,1,0.000000000,0,0,1.000000e+00,1.000000e+00,0.000000e+00,1.000000e+00,0.000000e+00,1.000000e-03
"115","<leaf>",   2,   2,  0,2,0.000000000,0,0,2.000000e+00,0.000000e+00,2.000000e+00,0.000000e+00,1.000000e+00,2.000000e-03
"29","occupation",   9,   9,  3,2,0.010526316,4,3,2.000000e+00,3.000000e+00,6.000000e+00,3.333333e-01,6.666667e-01,9.000000e-03
"58","fnlwgt",   4,   4,  1,1,0.005263158,4,0,1.000000e+00,3.000000e+00,1.000000e+00,7.500000e-01,2.500000e-01,4.000000e-03
"116","<leaf>",   3,   3,  0,1,0.000000000,0,0,1.000000e+00,3.000000e+00,0.000000e+00,1.000000e+00,0.000000e+00,3.000000e-03
"117","<leaf>",   1,   1,  0,2,0.000000000,0,0,2.000000e+00,0.000000e+00,1.000000e+00,0.000000e+00,1.000000e+00,1.000000e-03
"59","<leaf>",   5,   5,  0,2,0.000000000,0,0,2.000000e+00,0.000000e+00,5.000000e+00,0.000000e+00,1.000000e+00,5.000000e-03
"15","occupation",  95,  95, 18,2,0.007894737,4,2,2.000000e+00,1.800000e+01,7.700000e+01,1.894737e-01,8.105263e-01,9.500000e-02
"30","hours-per-week",  16,  16,  7,2,0.007894737,4,2,2.000000e+00,7.000000e+00,9.000000e+00,4.375000e-01,5.625000e-01,1.600000e-02
"60","<leaf>",   3,   3,  0,1,0.000000000,0,0,1.000000e+00,3.000000e+00,0.000000e+00,1.000000e+00,0.000000e+00,3.000000e-03
"61","hours-per-week",  13,  13,  4,2,0.005263158,4,2,2.000000e+00,4.000000e+00,9.000000e+00,3.076923e-01,6.923077e-01,1.300000e-02
"122","workclass",   8,   8,  4,1,0.005263158,4,0,1.000000e+00,4.000000e+00,4.000000e+00,5.000000e-01,5.000000e-01,8.000000e-03
"244","age",   6,   6,  2,1,0.005263158,4,0,1.000000e+00,4.000000e+00,2.000000e+00,6.666667e-01,3.333333e-01,6.000000e-03
"488","education",   5,   5,  1,1,0.005263158,4,0,1.000000e+00,4.000000e+00,1.000000e+00,8.000000e-01,2.000000e-01,5.000000e-03
"976","<leaf>",   4,   4,  0,1,0.000000000,0,0,1.000000e+00,4.000000e+00,0.000000e+00,1.000000e+00,0.000000e+00,4.000000e-03
"977","<leaf>",   1,   1,  0,2,0.000000000,0,0,2.000000e+00,0.000000e+00,1.000000e+00,0.000000e+00,1.000000e+00,1.000000e-03
"489","<leaf>",   1,   1,  0,2,0.000000000,0,0,2.000000e+00,0.000000e+00,1.000000e+00,0.000000e+00,1.000000e+00,1.000000e-03
"245","<leaf>",   2,   2,  0,2,0.000000000,0,0,2.000000e+00,0.000000e+00,2.000000e+00,0.000000e+00,1.000000e+00,2.000000e-03
"123","<leaf>",   5,   5,  0,2,0.000000000,0,0,2.000000e+00,0.000000e+00,5.000000e+00,0.000000e+00,1.000000e+00,5.000000e-03
"31","native-country",  79,  79, 11,2,0.005263158,4,0,2.000000e+00,1.100000e+01,6.800000e+01,1.392405e-01,8.607595e-01,7.900000e-02
"62","<leaf>",   1,   1,  0,1,0.000000000,0,0,1.000000e+00,1.000000e+00,0.000000e+00,1.000000e+00,0.000000e+00,1.000000e-03
"63","education",  78,  78, 10,2,0.005263158,4,2,2.000000e+00,1.000000e+01,6.800000e+01,1.282051e-01,8.717949e-01,7.800000e-02
"126","age",  15,  15,  5,2,0.005263158,4,5,2.000000e+00,5.000000e+00,1.000000e+01,3.333333e-01,6.666667e-01,1.500000e-02
"252","workclass",   7,   7,  3,1,0.005263158,4,1,1.000000e+00,4.000000e+00,3.000000e+00,5.714286e-01,4.285714e-01,7.000000e-03
"504","<leaf>",   2,   2,  0,1,0.000000000,0,0,1.000000e+00,2.000000e+00,0.000000e+00,1.000000e+00,0.000000e+00,2.000000e-03
"505","capital-gain",   5,   5,  2,2,0.005263158,4,2,2.000000e+00,2.000000e+00,3.000000e+00,4.000000e-01,6.000000e-01,5.000000e-03
"1010","<leaf>",   2,   2,  0,1,0.000000000,0,0,1.000000e+00,2.000000e+00,0.000000e+00,1.000000e+00,0.000000e+00,2.000000e-03
"1011","<leaf>",   3,   3,  0,2,0.000000000,0,0,2.000000e+00,0.000000e+00,3.000000e+00,0.000000e+00,1.000000e+00,3.000000e-03
"253","fnlwgt",   8,   8,  1,2,0.002631579,4,0,2.000000e+00,1.000000e+00,7.000000e+00,1.250000e-01,8.750000e-01,8.000000e-03
"506","age",   2,   2,  1,1,0.002631579,4,0,1.000000e+00,1.000000e+00,1.000000e+00,5.000000e-01,5.000000e-01,2.000000e-03
"1012","<leaf>",   1,   1,  0,1,0.000000000,0,0,1.000000e+00,1.000000e+00,0.000000e+00,1.000000e+00,0.000000e+00,1.000000e-03
"1013","<leaf>",   1,   1,  0,2,0.000000000,0,0,2.000000e+00,0.000000e+00,1.000000e+00,0.000000e+00,1.000000e+00,1.000000e-03
"507","<leaf>",   6,   6,  0,2,0.000000000,0,0,2.000000e+00,0.000000e+00,6.000000e+00,0.000000e+00,1.000000e+00,6.000000e-03
"127","workclass",  63,  63,  5,2,0.003508772,4,0,2.000000e+00,5.000000e+00,5.800000e+01,7.936508e-02,9.206349e-01,6.300000e-02
"254","occupation",   6,   6,  2,2,0.003508772,4,4,2.000000e+00,2.000000e+00,4.000000e+00,3.333333e-01,6.666667e-01,6.000000e-03
"508","age",   3,   3,  1,1,0.003508772,4,0,1.000000e+00,2.000000e+00,1.000000e+00,6.666667e-01,3.333333e-01,3.000000e-03
"1016","<leaf>",   2,   2,  0,1,0.000000000,0,0,1.000000e+00,2.000000e+00,0.000000e+00,1.000000e+00,0.000000e+00,2.000000e-03
"1017","<leaf>",   1,   1,  0,2,0.000000000,0,0,2.000000e+00,0.000000e+00,1.000000e+00,0.000000e+00,1.000000e+00,1.000000e-03
"509","<leaf>",   3,   3,  0,2,0.000000000,0,0,2.000000e+00,0.000000e+00,3.000000e+00,0.000000e+00,1.000000e+00,3.000000e-03
"255","hours-per-week",  57,  57,  3,2,0.003157895,4,0,2.000000e+00,3.000000e+00,5.400000e+01,5.263158e-02,9.473684e-01,5.700000e-02
"510","age",   2,   2,  1,1,0.003157895,2,0,1.000000e+00,1.000000e+00,1.000000e+00,5.000000e-01,5.000000e-01,2.000000e-03
"1020","<leaf>",   1,   1,  0,1,0.000000000,0,0,1.000000e+00,1.000000e+00,0.000000e+00,1.000000e+00,0.000000e+00,1.000000e-03
"1021","<leaf>",   1,   1,  0,2,0.000000000,0,0,2.000000e+00,0.000000e+00,1.000000e+00,0.000000e+00,1.000000e+00,1.000000e-03
"511","occupation",  55,  55,  2,2,0.003157895,4,2,2.000000e+00,2.000000e+00,5.300000e+01,3.636364e-02,9.636364e-01,5.500000e-02
"1022","fnlwgt",  17,  17,  2,2,0.003157895,4,5,2.000000e+00,2.000000e+00,1.500000e+01,1.176471e-01,8.823529e-01,1.700000e-02
"2044","fnlwgt",   8,   8,  2,2,0.003157895,3,0,2.000000e+00,2.000000e+00,6.000000e+00,2.500000e-01,7.500000e-01,8.000000e-03
"4088","<leaf>",   2,   2,  0,1,0.000000000,0,0,1.000000e+00,2.000000e+00,0.000000e+00,1.000000e+00,0.000000e+00,2.000000e-03
"4089","<leaf>",   6,   6,  0,2,0.000000000,0,0,2.000000e+00,0.000000e+00,6.000000e+00,0.000000e+00,1.000000e+00,6.000000e-03
"2045","<leaf>",   9,   9,  0,2,0.000000000,0,0,2.000000e+00,0.000000e+00,9.000000e+00,0.000000e+00,1.000000e+00,9.000000e-03
"1023","<leaf>",  38,  38,  0,2,0.000000000,0,0,2.000000e+00,0.000000e+00,3.800000e+01,0.000000e+00,1.000000e+00,3.800000e-02
